# POSITION WT AAA AAC AAG AAT ACA ACC ACG ACT AGA AGC AGG AGT ATA ATC ATG ATT CAA CAC CAG CAT CCA CCC CCG CCT CGA CGC CGG CGT CTA CTC CTG CTT GAA GAC GAG GAT GCA GCC GCG GCT GGA GGC GGG GGT GTA GTC GTG GTT TAA TAC TAG TAT TCA TCC TCG TCT TGA TGC TGG TGT TTA TTC TTG TTT
1 ATG 0 0 0 0 0 0 13 0 0 0 0 0 3 0 213430 7 0 0 0 0 0 0 0 0 0 0 0 0 0 0 0 0 0 0 0 0 0 0 0 0 0 0 0 0 0 0 53 0 0 0 0 0 0 0 0 0 0 0 0 0 0 0 0 0
2 GCG 0 0 0 0 0 0 4 0 0 0 0 0 0 0 0 0 0 0 0 0 0 0 0 0 0 0 0 0 0 0 0 0 0 0 1 0 38 1 212937 3 0 0 0 0 0 1 49 0 0 0 0 0 0 0 0 0 0 0 0 0 0 0 0 0
3 TCC 8 1 1 0 3 4 0 19 0 1 0 0 0 0 3 0 5 9 0 27 0 27 0 0 4 1 1 0 10 4 0 0 0 0 1 0 1 18 2 0 0 0 0 0 0 0 0 0 1 17 0 0 9 212763 0 22 0 0 0 0 12 18 0 0
4 CAA 33 350 0 0 99 21 1 117 1 2 0 1 332 6 8 45 211513 52 56 0 23 0 0 0 25 0 0 0 69 63 5 4 4 0 0 2 26 0 6 41 0 0 0 9 133 0 10 1 17 15 1 4 57 25 68 226 5 0 0 33 34 14 18 91
5 GGC 0 0 0 0 0 11 0 0 0 30 0 0 0 0 0 0 0 6 0 0 0 10 0 0 0 46 0 0 0 1 0 0 0 28 0 0 0 32 0 0 2 213322 0 22 0 1 0 0 0 0 0 0 0 33 0 0 0 122 0 0 0 0 0 0
6 ACC 0 0 0 0 2 213344 0 3 0 0 0 0 0 7 0 0 0 0 0 0 0 0 0 0 0 0 0 0 0 0 0 0 0 0 0 0 0 6 0 0 0 0 0 0 0 0 0 0 0 0 0 0 0 0 0 0 0 0 0 0 0 0 0 0
7 AAA 213565 2 13 1 1 0 0 0 10 0 0 0 1 0 0 0 7 0 0 0 0 0 0 0 0 0 0 0 0 0 0 0 16 0 0 0 0 0 0 0 0 0 0 0 0 0 0 0 2 0 0 0 0 0 0 0 0 0 0 0 0 0 0 0
8 CGG 0 0 0 0 0 0 0 0 0 0 1 0 0 0 0 0 3 0 10 0 5 0 7 0 64 1 213586 3 4 0 3 0 0 0 0 0 0 0 0 1 0 0 2 0 0 0 0 0 0 0 0 0 0 0 0 0 0 0 47 0 0 0 0 0
9 TCT 0 0 0 1 0 2 1 1 0 0 0 0 0 0 2 0 3 1 0 0 0 0 0 17 0 0 0 0 0 0 0 2 0 0 0 0 42 1 0 5 0 0 0 0 0 0 0 0 0 0 0 7 11 138 25 212729 0 0 0 1 18 3 2 5
10 TAT 0 3 0 1 16 2 0 6 3 2 0 1 26 35 0 64 0 11 2 56 21 14 1 6 0 0 1 1 13 11 10 4 9 0 9 2 1 10 3 3 5 2 0 0 17 2 2 0 3 31 1 213026 12 26 1 2 0 8 0 49 0 0 2 1
11 GAA 16 0 0 0 3 0 1 3 0 0 0 0 0 0 3 0 1 0 0 0 2 1 1 0 0 0 0 0 0 0 0 0 212825 0 94 1 4 0 5 1 22 4 2 1 4 0 1 0 2 1 0 1 0 0 0 0 0 0 0 3 0 0 0 0
12 CAG 15 45 208 5 7 5 9 5 2 36 3 0 0 5 0 1 70 49 212442 228 7 3 20 4 6 27 44 0 71 9 58 59 0 0 4 0 11 10 23 6 0 0 59 7 1 0 2 11 3 0 13 5 5 13 4 54 0 10 1 2 14 6 3 3
13 ATG 0 0 0 0 0 0 11 0 0 1 6 0 14 0 213388 8 2 4 0 0 0 1 3 1 0 0 0 0 0 0 8 0 1 1 1 0 0 1 0 2 0 0 0 3 0 0 16 1 3 1 9 0 0 0 0 0 0 0 1 1 0 0 0 0
14 GAA 15 0 0 0 8 0 0 0 199 0 0 0 0 0 0 1 1 1 1 0 0 0 0 0 1 1 1 1 0 1 0 0 212907 3 15 19 0 1 0 0 16 0 0 0 0 0 0 1 14 0 0 2 1 0 0 0 2 2 1 0 0 0 0 0
15 ACT 0 1 0 6 5 34 7 213365 0 1 0 0 1 3 0 7 0 0 0 0 0 0 0 4 0 0 0 1 1 0 0 0 0 0 0 0 0 0 0 6 0 0 0 0 0 0 0 1 0 1 0 0 1 0 0 5 0 0 0 2 0 0 0 0
16 GAT 0 0 0 13 0 1 0 2 0 3 0 0 0 0 0 1 3 0 0 0 0 0 0 0 0 0 0 0 0 0 0 0 5 13 57 213543 0 0 0 1 0 0 4 26 0 0 0 0 0 0 0 2 0 0 0 0 5 0 0 0 0 0 0 0
17 GGG 3 1 6 0 5 1 0 2 0 0 10 0 0 0 0 0 4 1 2 1 0 3 2 0 0 1 1 0 3 1 0 0 0 0 11 0 0 1 3 5 53 6 213505 8 0 0 5 7 0 0 0 0 0 0 2 0 0 0 13 0 0 0 0 0
18 GAA 33 2 0 31 2 24 0 0 0 0 0 5 8 0 0 0 5 7 1 0 22 33 94 2 0 1 0 0 0 3 1 2 213149 9 40 7 7 87 0 2 27 14 2 1 0 1 0 5 28 5 0 0 47 10 0 6 8 0 0 0 7 3 0 0
19 CGC 0 0 0 0 0 4 0 0 0 8 0 0 0 0 0 0 0 89 0 0 1 1 0 0 1 213468 0 13 0 1 0 0 0 0 0 0 0 2 0 0 0 2 0 0 0 0 0 0 0 2 0 0 0 0 0 0 0 41 0 0 0 2 0 0
20 CAG 1 0 5 1 0 0 0 0 0 0 0 0 0 0 0 0 2 0 212309 6 1 6 227 4 0 0 80 0 0 0 2 1 0 0 0 0 0 0 0 0 0 0 0 0 0 0 0 0 0 0 10 0 0 1 0 0 0 0 0 1 0 0 0 0
21 AAT 3 5 0 213143 88 111 33 45 0 4 1 11 4 1 1 0 6 9 7 2 1 5 0 2 6 6 1 54 2 13 9 7 0 0 0 6 0 5 1 0 6 2 0 0 7 0 0 1 0 2 1 0 52 18 4 4 0 0 1 2 0 1 0 0
22 GCA 30 0 1 0 100 5 26 0 39 2 1 3 3 1 0 0 0 1 2 3 22 2 0 0 354 88 10 47 2 2 0 1 1 0 0 1 212369 70 8 18 3 0 1 0 131 118 9 27 58 0 0 0 4 3 2 4 0 0 1 0 1 0 0 0
23 ACT 9 7 0 13 61 33 18 212618 10 0 1 9 0 0 4 5 10 85 23 7 8 10 1 2 11 17 3 19 1 4 0 4 0 2 1 1 5 12 8 17 8 1 12 2 1 0 2 1 15 0 0 4 8 189 82 365 9 2 1 1 5 0 0 2
24 GAG 5 5 81 5 1 1 12 1 2 0 0 5 2 0 9 0 45 1 5 5 1 0 2 0 1 5 1 1 11 0 0 0 154 0 213258 11 1 0 38 0 1 0 20 0 2 1 3 1 1 1 17 0 4 1 0 1 43 0 0 3 0 0 0 0
25 ATC 0 0 3 0 0 5 0 0 1 1 0 0 23 213669 12 15 13 1 1 0 3 1 2 0 1 0 0 0 3 0 0 0 0 0 0 0 0 1 0 0 0 0 0 0 0 13 0 1 1 0 2 3 0 2 0 0 3 0 4 0 0 1 0 0
26 AGA 18 0 0 2 0 0 0 0 213648 0 21 0 4 0 1 0 0 0 0 0 0 2 0 0 8 0 0 0 0 0 0 0 0 0 1 0 0 1 0 0 46 0 2 0 0 0 0 0 9 2 1 0 0 0 0 0 16 2 0 0 0 0 0 0
27 GCA 0 0 7 1 22 0 3 0 0 0 38 8 0 0 0 0 0 1 0 0 1 2 5 0 0 19 10 0 0 0 0 0 2 0 0 0 213474 21 9 8 2 2 7 1 48 0 0 1 1 0 0 0 17 0 2 2 0 0 0 1 4 5 0 0
28 TCC 40 18 1 0 0 2 0 0 0 0 1 1 0 0 0 0 1 18 4 3 0 28 2 2 1 7 0 0 0 1 0 0 0 1 0 0 0 5 1 0 0 22 5 1 0 2 0 0 14 8 3 0 94 213401 3 16 12 2 6 0 0 12 2 0
29 GTC 0 0 16 0 1 4 1 0 0 0 0 0 0 56 1 3 19 0 1 0 0 2 0 0 1 3 0 0 0 0 0 0 0 0 0 0 0 9 0 0 0 1 0 0 9 213592 3 17 0 0 0 0 0 0 0 0 7 1 4 0 1 4 0 0
30 GGG 0 7 0 1 0 0 0 1 0 0 40 0 0 0 1 0 1 0 0 0 1 6 0 4 2 1 1 0 1 0 1 0 0 0 20 0 2 4 0 2 43 20 212728 2 0 1 4 0 5 0 5 0 0 0 0 0 0 0 6 0 0 1 0 0
31 AAG 12 2 210393 3 0 0 4 1 0 0 26 0 0 0 2 0 0 0 1 0 0 0 1 0 8 9 2 10 1 0 1 0 0 0 14 0 2 0 1 0 0 0 0 1 3 0 0 0 24 0 25 0 0 3 3 0 2 0 1 3 0 0 1 0
32 ATG 1 0 4 0 1 0 14 12 0 0 1 0 13 1 213668 1 1 0 0 2 0 2 0 0 1 0 2 0 0 0 0 0 9 0 1 0 0 0 0 0 1 1 3 0 0 0 7 0 6 1 3 0 0 0 0 1 0 1 0 1 0 1 0 3
33 ATT 0 6 0 1 0 1 0 9 4 1 0 1 5 31 1 213630 0 0 1 0 2 0 0 0 0 0 0 0 1 0 0 1 0 0 0 0 0 4 0 0 4 0 0 0 2 4 0 44 11 0 3 1 2 0 0 1 9 0 0 4 2 1 0 0
34 GAT 1 5 0 179 5 10 4 1 0 2 8 2 2 11 17 3 18 7 25 8 1 0 0 0 0 5 0 0 34 0 12 2 11 16 1 212935 27 63 1 15 14 16 0 98 1 0 1 29 3 6 4 5 54 13 75 10 6 0 0 20 5 0 13 3
35 GGA 0 0 1 2 0 0 0 0 16 1 0 0 0 0 0 1 3 0 0 0 0 1 0 4 0 2 0 0 0 0 0 0 18 0 1 0 3 2 0 0 213567 10 18 2 1 2 1 0 12 0 8 1 0 0 0 0 34 2 1 0 0 2 0 0
36 ATT 0 0 1 2 1 1 0 4 0 0 0 1 6 24 1 213377 0 0 1 2 3 0 0 0 1 0 0 0 3 0 14 1 0 0 0 6 0 2 1 3 0 0 1 0 0 0 0 6 5 0 32 0 0 1 0 0 0 0 0 0 3 0 0 0
37 GGA 1 0 0 0 1 1 0 0 9 0 1 1 0 1 0 0 0 0 0 0 1 0 0 0 0 0 0 0 0 0 0 0 11 2 0 0 0 1 3 0 213395 1 135 2 0 0 0 0 1 0 0 0 0 0 0 2 11 0 0 0 0 0 1 0
38 CGA 0 0 0 0 0 2 0 0 7 1 0 0 0 1 0 0 25 1 0 0 1 8 0 3 210881 2 16 0 3 1 0 0 0 0 0 1 1 0 0 0 1 0 0 0 0 1 0 0 0 0 0 0 0 0 0 0 111 0 0 0 0 0 0 0
39 TTC 0 2 1 0 1 1 0 2 0 0 2 0 0 2 0 0 1 0 0 0 4 5 43 1 2 1 0 0 1 5 4 0 1 4 0 0 0 2 0 1 2 0 2 0 0 5 2 0 0 1 45 0 4 8 1 0 3 0 0 0 5 212944 3 7
40 TAC 0 1 0 0 0 1 2 0 0 0 0 0 1 0 0 0 0 42 0 0 0 1 0 0 4 0 1 1 1 0 2 1 0 2 2 0 1 0 2 0 1 0 1 0 1 0 0 0 4 212713 16 19 0 0 0 1 5 32 0 0 0 1 0 1
41 ATC 0 24 3 0 0 24 0 0 0 20 4 0 10 211319 35 55 13 36 2 1 0 28 5 0 0 0 0 0 7 36 1 0 0 0 0 0 1 4 2 1 1 1 4 0 0 3 3 0 38 2 18 8 0 2 0 0 2 2 0 6 43 0 2 4
42 CAA 4 2 4 1 0 0 0 0 0 1 0 0 0 0 0 0 197919 0 50 0 0 0 4 0 22 0 1 0 1 0 1 1 0 0 0 0 0 0 0 0 0 0 0 0 0 0 0 2 11 0 0 0 0 0 1 0 1 0 1 0 0 1 0 0
43 ATG 1 0 4 0 0 0 7 0 0 0 1 0 8 4 201973 1 0 1 0 0 0 2 0 0 0 0 0 1 0 1 2 5 2 2 1 5 0 0 0 0 0 0 0 0 0 0 7 1 2 0 0 3 0 0 0 0 3 0 3 0 2 0 4 0
44 TGC 0 1 0 0 0 0 5 0 0 2 0 0 0 0 0 0 0 0 0 0 1 0 0 0 1 13 0 0 1 1 0 0 0 0 0 0 0 0 0 0 0 0 0 0 0 3 0 6 0 38 0 0 0 0 0 0 12 186218 0 100 0 4 0 0
45 ACT 2 0 0 1 2 16 0 194347 8 0 0 0 0 1 1 4 8 0 1 9 1 0 0 2 1 4 1 0 9 0 2 0 0 1 0 0 0 0 6 9 0 0 0 0 0 1 2 0 31 0 3 2 0 2 0 0 2 1 0 7 0 0 0 0
46 GAA 14 0 0 1 0 5 0 0 0 1 0 0 1 0 0 1 0 0 2 0 0 0 0 2 0 0 0 0 2 1 0 0 201074 2 5 0 2 0 0 0 17 1 1 0 3 2 1 0 49 0 0 0 0 3 0 5 0 3 0 0 0 0 0 0
47 CTT 2 0 0 0 0 2 0 0 0 0 0 0 0 0 0 2 1 1 0 4 21 0 0 8 1 2 3 3 109 51 5 206905 0 0 0 0 0 0 0 0 0 0 0 0 0 0 0 1 0 0 0 2 0 0 0 2 37 2 0 0 1 0 53 8
48 AAA 204559 5 5 0 0 0 0 0 17 0 7 0 0 0 0 0 0 0 0 0 0 0 0 0 3 0 0 0 2 0 0 4 15 0 0 0 0 0 0 0 1 0 0 0 3 0 0 0 0 3 0 2 0 0 0 0 0 0 0 0 0 0 0 1
49 CTC 2 4 2 0 2 5 2 14 2 0 3 2 0 5 3 0 10 5 19 3 22 18 5 14 7 1 7 0 51 198103 15 12 6 4 0 2 5 2 9 4 20 1 1 4 3 1 1 0 15 6 25 3 6 2 8 2 29 4 1 6 14 14 74 2
50 AGT 4 29 0 4 5 64 32 22 5 55 2 180789 0 0 0 1 1 8 22 0 8 17 4 9 1 6 3 2 1 3 3 0 4 6 0 1 6 0 25 4 26 11 7 48 5 0 2 0 3 0 12 0 13 27 10 10 9 4 0 2 2 0 0 0
51 GAT 0 5 2 6 2 15 0 0 0 0 0 5 0 3 2 0 0 6 2 6 0 0 3 3 0 0 0 0 6 0 0 3 13 12 2 191118 5 0 1 2 1 0 0 22 3 1 1 4 17 1 10 0 0 1 0 0 0 0 0 0 0 4 0 0
52 TAT 2 1 1 3 3 2 2 1 2 0 2 0 1 0 0 0 0 1 0 25 0 4 1 1 1 1 0 0 0 3 0 0 0 0 5 0 14 0 1 5 3 2 0 0 7 0 16 0 30 16 7 202075 2 0 7 0 0 0 3 23 3 9 0 1
53 GAG 0 0 7 0 0 2 0 2 0 0 0 0 1 1 2 0 2 0 0 0 5 5 1 1 3 0 0 1 0 0 0 3 37 3 184508 45 0 2 4 0 2 2 43 10 0 1 5 0 1 1 15 4 0 0 0 1 13 3 2 0 0 0 0 0
54 GGG 1 3 3 0 0 16 5 7 0 64 14 0 0 1 5 0 0 0 12 0 1 1 2 0 7 0 4 0 0 0 0 0 0 2 25 0 1 10 43 26 33 8 188512 7 0 0 1 0 5 0 0 3 0 0 28 0 18 0 7 0 0 0 6 0
55 CGA 0 0 0 0 2 4 0 1 66 0 13 0 0 0 0 0 33 1 0 5 0 5 2 0 187930 25 42 0 3 3 0 4 3 0 0 0 0 1 4 7 4 1 0 0 0 0 1 0 6 0 0 1 0 4 0 2 147 0 0 0 0 0 0 0
56 CTG 0 5 0 3 0 2 2 0 0 0 0 0 0 0 10 3 2 16 2 0 4 6 51 1 3 3 5 0 124 29 197882 73 0 0 3 0 0 1 4 2 0 2 0 3 0 1 3 2 11 2 17 0 3 0 1 7 1 0 3 1 0 0 34 0
57 ATC 1 2 0 0 5 20 17 4 0 2 0 0 18 213424 0 30 5 1 0 2 15 3 0 0 1 3 1 1 2 4 29 0 0 1 0 1 0 1 0 0 0 0 2 2 1 18 4 2 20 0 11 0 1 6 0 0 31 13 2 0 1 4 1 0
58 CAG 0 8 2 1 0 0 0 0 0 1 4 2 0 0 0 0 56 0 213543 4 1 9 7 1 0 1 31 3 0 2 10 1 0 1 0 0 1 0 1 4 1 3 1 1 1 0 0 2 0 0 13 1 2 1 0 0 24 0 1 1 0 0 3 0
59 AAC 3 213412 2 34 0 5 7 0 0 12 3 2 0 0 0 1 0 0 4 5 3 0 7 4 3 4 17 1 2 0 0 4 3 12 0 5 1 0 2 1 9 7 2 4 2 0 3 6 30 0 14 0 0 0 2 0 58 0 6 0 1 0 2 3
60 AGC 1 16 0 1 0 4 0 1 6 213332 1 10 1 2 4 0 0 0 1 0 0 0 0 5 49 3 0 0 7 0 1 0 0 0 0 2 4 0 0 0 0 16 1 0 0 3 0 0 3 0 0 0 0 2 7 12 0 3 1 17 1 4 0 12
61 TTA 0 0 2 1 0 0 1 2 2 0 0 0 24 1 1 29 0 5 0 0 1 1 0 0 0 0 1 0 15 0 1 2 0 2 0 1 1 0 1 0 2 2 0 3 9 2 0 0 2 3 0 0 17 2 2 0 13 8 0 12 213314 2 10 0
62 ACA 5 2 0 6 213251 58 10 27 0 12 0 9 9 0 0 0 0 0 0 0 7 9 0 3 9 1 0 9 0 2 1 1 0 5 2 2 16 3 0 1 0 0 0 2 0 0 0 0 0 4 12 0 1 52 2 18 5 2 0 2 0 0 0 0
63 ATA 3 2 0 5 10 0 0 1 1 0 4 0 213422 11 49 24 0 2 0 5 0 8 4 1 1 0 0 0 10 5 0 0 0 2 2 0 7 0 0 0 0 0 0 0 22 2 0 0 7 3 0 1 0 2 0 3 2 0 2 0 0 1 0 3
64 GAG 0 5 8 0 0 2 9 0 0 0 1 0 0 17 35 0 0 1 10 10 2 7 2 4 0 1 1 1 5 11 1 2 12 0 213406 7 0 2 1 0 3 0 31 7 1 3 7 0 31 0 2 2 0 0 3 0 0 1 0 0 0 0 3 7
65 AGA 44 0 1 1 8 0 0 0 213353 0 11 1 3 0 1 0 0 0 0 2 1 0 1 1 17 1 2 7 1 0 0 0 0 0 0 0 0 3 0 0 16 0 0 0 0 0 0 0 5 7 2 1 0 1 0 0 6 2 0 0 0 1 1 0
66 ATG 0 0 2 0 0 3 7 0 0 0 3 0 5 0 213186 6 0 0 0 1 0 2 0 0 0 3 0 0 0 0 0 0 0 0 3 0 0 0 0 0 0 0 0 0 0 0 8 0 0 0 1 0 0 0 0 1 2 0 0 0 0 0 0 0
67 GTG 0 0 0 0 0 0 0 0 0 0 0 0 0 0 14 0 0 0 0 0 0 0 0 0 0 0 0 0 0 0 0 0 0 0 3 0 0 0 14 0 0 0 0 0 90 0 213402 3 0 0 6 0 0 0 1 0 0 0 0 0 0 0 2 0
68 CTC 2 4 1 0 0 1 0 0 4 2 0 0 0 4 0 2 0 7 0 0 0 20 3 2 0 4 0 7 26 213460 0 26 0 0 4 0 0 1 1 9 1 0 0 0 0 0 1 0 5 0 15 0 0 2 0 0 31 0 1 0 0 25 8 0
69 TCT 2 0 0 16 3 0 0 2 0 7 0 8 2 0 0 1 0 0 2 0 1 0 0 30 1 1 0 7 0 0 3 1 0 0 0 0 0 0 2 0 0 0 4 0 2 0 0 0 28 0 1 6 14 37 12 213498 35 0 0 0 0 0 0 3
70 GCT 1 1 1 0 5 0 5 58 1 3 2 0 1 0 0 0 0 0 1 0 1 1 0 0 1 15 0 0 2 0 0 1 0 1 4 7 17 47 33 213290 6 1 4 0 0 0 0 15 49 0 20 1 7 7 0 16 35 0 0 0 2 1 3 0
71 TTT 1 2 1 0 0 0 0 0 0 0 0 0 1 0 0 0 0 3 0 0 0 1 0 1 0 0 1 0 0 2 0 6 0 3 0 0 0 0 0 0 1 0 0 1 0 1 1 6 3 41 4 3 0 1 0 11 2 0 0 8 2 34 0 213443
72 GAC 0 16 0 0 0 0 0 0 0 0 0 0 0 0 0 0 0 5 0 0 8 5 1 0 2 2 0 0 0 0 0 1 17 213214 0 153 0 0 0 0 0 29 0 1 0 5 0 0 2 2 0 0 0 10 0 0 56 0 0 0 1 0 0 0
73 GAA 38 16 0 0 15 1 3 0 0 0 4 7 2 2 0 0 16 77 0 0 0 0 0 0 5 7 10 0 16 1 0 1 213051 6 118 1 2 1 0 1 23 0 16 23 35 0 0 15 4 1 0 35 0 3 0 0 0 12 0 4 0 12 0 0
74 AGA 20 0 1 0 0 0 0 2 213537 1 32 5 4 1 1 0 0 0 0 0 0 1 0 6 12 0 1 15 0 3 0 0 0 0 1 0 0 0 4 4 13 0 0 0 0 1 0 0 4 0 14 3 0 1 0 1 9 1 0 2 2 2 0 0
75 AGG 0 0 14 0 0 0 0 0 19 2 213434 1 0 0 16 0 0 0 1 0 0 0 0 1 0 24 31 204 0 0 3 0 0 0 0 0 0 0 0 1 0 0 22 0 0 0 0 0 0 0 0 0 0 0 0 0 0 0 4 0 0 0 0 0
76 AAT 0 40 1 213665 0 3 0 6 1 0 0 7 0 2 0 0 0 1 0 0 0 3 0 1 0 1 1 0 0 1 2 0 0 0 1 9 0 1 0 0 0 0 1 0 0 0 1 0 0 1 0 1 0 8 5 0 0 0 0 0 0 0 0 1
77 AAA 213611 10 13 0 0 3 0 1 7 0 0 46 4 3 2 0 2 6 1 0 0 0 0 0 1 0 0 1 2 0 0 0 26 3 47 0 0 1 1 0 0 3 1 0 1 2 1 0 2 0 0 0 0 0 0 2 1 1 0 8 3 0 7 0
78 TAT 0 0 0 5 0 0 0 0 0 0 0 0 0 3 1 2 0 7 0 24 2 0 0 1 2 3 0 0 1 0 0 1 0 0 0 1 0 0 0 0 0 0 0 0 0 0 0 0 16 23 7 213543 0 0 0 4 9 1 0 8 0 1 0 9
79 CTG 0 0 1 0 1 2 0 0 1 0 1 5 0 3 3 6 0 0 4 2 0 17 18 1 1 0 2 0 20 7 212796 2 1 0 0 0 0 0 0 4 0 0 0 0 2 0 10 0 2 0 1 0 0 0 0 0 0 0 0 1 0 0 33 0
80 GAA 12 8 0 3 0 48 33 2 9 8 0 1 7 12 21 1 5 23 2 3 1 0 0 0 3 0 5 0 3 31 0 13 213154 7 6 6 9 12 5 19 17 0 0 1 16 30 5 7 44 3 1 0 3 8 0 14 2 8 0 12 5 2 4 1
81 GAA 33 26 10 6 5 6 0 26 0 0 1 5 45 9 0 1 3 3 0 1 0 1 0 0 0 2 0 0 1 7 0 4 213346 6 31 3 2 2 0 10 15 10 5 4 2 2 1 13 45 1 2 7 0 1 0 2 10 3 1 11 0 0 5 2
82 CAT 25 2 1 12 2 0 1 0 9 0 0 3 0 2 8 2 20 44 4 212886 1 0 0 2 3 4 134 104 25 6 0 0 3 0 0 0 2 0 3 0 1 0 4 0 3 0 3 1 15 0 29 52 5 2 0 7 135 1 16 0 4 0 2 56
83 CCC 4 24 8 3 3 10 1 7 0 5 1 23 0 0 0 0 2 10 1 6 21 212443 12 8 2 4 4 19 2 7 8 0 0 0 0 0 5 4 13 16 10 10 0 2 1 2 0 0 11 0 14 0 20 9 4 0 7 5 0 1 0 2 1 0
84 AGC 0 29 2 2 3 3 10 3 7 211326 20 66 2 7 13 1 9 2 209 12 0 0 8 0 0 8 0 0 0 2 0 4 9 1 10 1 48 26 20 28 10 45 19 17 0 11 28 16 23 0 63 1 3 0 39 47 1 0 0 1 5 0 7 0
85 GCG 0 3 0 0 33 29 59 0 1 1 7 0 25 2 12 0 2 0 0 0 6 15 17 0 0 6 4 21 6 0 0 0 1 0 6 0 20 12 133197 6 0 1 12 12 0 0 13 3 6 0 32 11 4 0 65 0 0 1 1 15 0 0 0 0
86 GGG 2 6 0 19 7 2 22 24 0 1 7 0 2 0 5 0 2 21 5 1 1 4 3 0 1 2 0 0 0 5 0 4 0 0 10 0 0 19 1 2 19 18 133405 6 0 0 2 0 7 2 1 7 0 2 0 1 2 0 4 1 0 24 0 0
87 AAG 12 0 134319 31 0 0 0 1 0 0 13 0 0 0 0 0 5 0 2 7 0 0 0 1 1 0 0 2 0 0 0 1 0 1 17 0 0 0 1 0 0 0 0 0 0 0 0 0 5 2 6 0 0 3 0 0 9 0 0 0 0 0 0 2
88 GAT 0 7 0 22 0 0 0 0 0 1 0 7 0 0 0 0 1 0 2 6 9 1 0 0 0 2 0 0 0 2 0 0 2 25 2 134450 0 0 0 1 1 0 1 9 0 0 0 2 6 0 1 4 48 0 2 0 23 0 1 13 0 0 0 0
89 CCT 2 1 0 0 1 3 0 11 2 7 1 1 0 1 3 1 22 2 0 10 14 164 312 133655 2 2 1 0 1 0 0 7 0 4 4 1 5 31 4 15 3 8 5 4 0 0 4 9 26 1 15 0 0 3 2 5 24 5 11 3 0 0 0 6
90 AAG 12 7 134366 11 3 13 9 3 8 1 63 1 5 0 7 1 1 22 3 11 0 0 3 0 4 3 8 7 10 5 12 7 1 2 11 3 4 9 1 6 6 13 3 9 1 0 6 6 1 0 25 6 0 1 1 3 1 0 1 11 4 0 3 1
91 AAA 134517 2 15 0 1 0 0 0 8 0 1 2 0 0 0 0 2 0 1 0 0 0 1 1 2 20 7 3 0 0 0 0 3 6 3 0 0 1 0 0 0 0 0 0 1 0 0 0 28 0 26 3 0 0 0 0 6 0 1 2 1 2 0 0
92 ACT 0 1 0 4 14 57 12 134188 0 0 0 1 0 0 0 2 0 1 0 0 1 3 3 1 0 0 0 2 0 0 0 1 1 0 0 0 0 3 0 4 0 0 0 1 0 0 0 0 2 0 0 0 0 2 0 0 0 5 0 0 1 0 0 0
93 GGA 0 0 0 3 0 0 1 0 9 0 0 0 0 0 0 0 0 0 0 1 0 0 0 2 0 0 0 0 0 1 0 0 5 0 0 0 0 1 1 0 134064 1 38 4 0 0 0 0 5 0 0 0 0 0 0 0 22 0 0 0 0 0 2 0
94 GGA 1 4 0 0 0 0 0 1 21 0 0 0 1 0 0 1 0 0 0 4 0 6 0 0 0 2 0 0 0 1 0 1 10 0 0 0 1 0 0 0 134071 10 45 3 1 0 0 0 3 0 11 0 0 0 0 0 39 2 0 0 0 0 0 0
95 CCC 0 0 0 0 0 3 0 0 0 1 0 0 0 0 0 0 0 3 0 1 20 134293 1 111 0 0 0 1 0 7 0 4 0 0 1 0 7 0 1 1 0 0 0 0 0 0 0 0 12 0 20 0 0 6 0 0 0 1 0 0 0 0 0 0
96 ATA 0 0 0 0 10 0 0 0 2 0 0 0 134452 3 3 6 0 0 0 0 0 0 0 1 3 0 1 2 3 1 2 3 1 0 0 4 0 1 0 0 0 0 0 0 8 2 0 0 3 0 6 0 0 15 0 1 5 1 0 3 0 0 3 0
97 TAC 0 0 0 0 0 0 0 2 0 0 0 0 1 1 0 0 0 10 1 0 0 2 0 0 0 0 0 0 1 0 1 2 1 1 0 0 0 0 2 0 5 0 2 2 0 0 0 6 2 134099 42 11 0 2 0 1 0 7 1 0 0 0 1 4
98 AAG 36 0 134348 0 0 5 4 0 5 0 26 0 0 0 4 0 3 1 1 1 2 0 1 1 0 4 15 0 0 2 0 3 0 3 20 1 1 0 0 0 0 1 0 0 0 0 0 0 0 0 2 0 0 0 1 0 0 0 0 0 0 0 0 0
99 AGA 10 1 0 0 0 0 1 0 134610 0 20 1 1 2 0 0 0 1 0 0 0 0 0 0 12 15 0 2 0 0 0 0 0 0 0 0 0 0 0 1 1 0 1 0 0 0 0 0 0 0 0 0 0 0 0 0 13 0 0 0 1 0 0 0
100 GTA 1 1 0 2 0 2 6 0 3 0 1 1 32 0 5 0 1 4 4 2 7 29 10 0 6 46 6 1 4 14 1 1 0 0 3 0 16 5 0 1 3 0 3 2 134257 6 58 6 12 0 0 0 4 26 1 0 3 22 0 1 1 7 0 1
101 GAT 0 1 0 9 0 2 0 1 0 2 0 3 0 0 0 5 2 4 0 0 0 1 0 2 0 0 0 0 0 0 2 0 2 85 1 134493 0 0 0 4 0 0 0 16 0 0 1 6 0 0 11 8 1 1 1 2 0 1 0 0 1 0 0 0
102 AGA 6 0 0 0 2 2 0 0 134556 0 14 2 0 2 0 0 0 0 2 0 1 1 0 0 1 13 0 0 0 0 1 0 0 0 0 0 0 6 0 0 9 0 2 0 0 0 0 0 27 8 0 0 1 1 0 0 6 0 0 7 0 0 1 0
103 AAG 10 1 134647 2 0 0 1 1 0 0 10 0 1 0 0 0 0 1 0 0 0 3 0 0 5 2 0 0 0 0 0 0 0 0 3 0 0 0 4 0 1 0 14 0 0 0 0 0 26 0 1 0 0 0 2 8 0 0 0 1 0 0 0 1
104 TGG 0 0 0 2 5 1 0 2 1 0 0 0 0 1 0 0 2 0 2 1 0 3 0 5 1 6 6 0 0 3 1 0 0 0 4 1 0 0 0 0 3 0 2 0 0 1 1 0 6 2 22 0 0 3 0 0 31 1 134482 0 0 1 0 0
105 ATG 0 0 5 0 3 32 11 0 1 0 14 0 27 0 134391 2 2 0 0 43 1 0 0 0 2 0 6 0 1 0 1 0 0 0 0 0 3 0 0 0 0 0 1 0 0 0 23 0 0 0 0 2 0 0 1 0 5 4 0 2 0 0 2 2
106 AGG 0 1 11 0 0 19 0 1 18 0 134452 2 0 0 11 0 0 1 0 1 0 0 0 1 0 17 10 0 0 0 0 0 0 0 0 0 1 0 0 0 0 0 44 0 0 0 0 0 0 0 0 0 0 1 0 0 0 0 2 0 0 0 0 0
107 GAA 12 0 1 0 1 1 0 0 0 1 0 1 0 0 0 0 5 1 0 0 0 0 0 0 0 0 0 0 0 0 0 0 134507 5 17 4 0 0 0 0 17 0 1 0 1 0 0 0 2 0 0 0 0 0 0 0 0 0 0 2 0 1 0 1
108 CTC 0 0 0 0 0 2 0 0 0 0 0 0 0 3 0 0 0 3 3 0 2 19 0 0 2 1 1 0 5 134595 0 5 0 1 0 0 0 1 0 0 0 1 0 2 0 2 0 3 0 0 0 0 0 0 0 3 3 0 0 1 1 7 0 0
109 GTC 0 0 0 0 0 0 0 0 0 5 0 0 0 24 0 0 33 0 0 0 0 0 0 0 0 5 22 0 0 1 0 0 0 1 0 0 0 38 0 0 0 2 1 0 102 134369 0 17 1 0 1 0 1 0 0 2 0 3 13 0 0 7 0 0
110 CTT 0 0 0 0 0 0 0 1 0 0 0 0 0 0 1 4 1 0 0 0 0 2 0 12 1 0 0 2 0 7 23 134628 0 2 0 0 0 0 4 0 0 0 0 1 0 0 0 1 1 0 0 0 0 0 0 0 0 0 0 0 6 0 0 3
111 TAT 1 0 0 0 1 0 0 0 0 0 0 0 5 17 0 0 0 0 1 23 0 1 0 0 0 0 0 0 5 0 0 0 0 0 0 0 0 0 19 0 0 0 0 0 27 0 1 0 0 111 0 134453 3 0 0 1 0 0 36 14 0 12 2 0
112 GAC 1 30 0 0 4 0 0 0 0 0 1 0 0 0 0 0 0 2 0 0 1 4 1 0 0 0 0 1 1 0 0 0 2 134478 0 4 0 1 0 0 0 21 8 0 1 0 0 3 2 0 0 0 0 1 0 0 1 0 0 2 1 0 1 0
113 AAA 134633 2 29 1 2 0 0 0 5 0 0 0 1 1 0 0 0 0 0 1 0 0 0 0 0 0 0 0 0 10 0 0 8 0 0 0 0 0 1 0 0 0 0 1 0 0 0 0 1 0 0 0 0 0 0 0 0 0 2 0 0 3 0 0
114 GAA 7 3 0 0 0 0 0 0 1 0 2 0 0 0 0 0 0 0 7 1 0 3 0 1 0 0 0 0 0 0 0 1 134612 1 13 1 0 6 0 0 7 0 1 0 0 0 0 0 1 3 0 0 0 4 0 0 4 0 0 0 0 0 0 1
115 GAA 10 0 0 0 0 0 0 1 1 0 0 0 0 0 0 0 0 3 0 0 0 0 0 5 1 0 0 0 0 0 0 0 134658 1 4 0 0 0 0 0 7 0 0 0 0 0 1 0 19 0 1 0 0 0 0 0 0 0 0 0 0 0 0 0
116 ATA 1 0 2 0 14 1 1 0 0 0 0 0 134582 3 32 2 0 0 1 1 1 0 0 0 0 0 0 0 3 0 0 1 1 0 0 0 6 0 0 0 1 0 0 0 32 35 3 0 0 2 0 0 0 1 0 0 0 1 0 0 0 0 0 0
117 AGG 0 2 5 3 0 0 2 0 5 0 134491 2 3 0 10 1 2 2 10 2 0 0 0 0 3 0 4 0 1 1 3 0 0 0 0 0 1 0 0 0 1 2 16 0 0 0 0 0 2 3 0 0 1 0 0 1 0 0 1 5 0 0 0 0
118 CGA 0 0 2 0 0 0 0 0 13 0 0 0 0 0 0 0 23 0 1 3 0 0 0 0 132682 0 13 1 0 2 0 0 0 29 0 0 0 2 0 0 1 1 0 0 0 0 0 0 0 0 0 0 0 0 0 3 22 0 0 0 0 0 0 0
119 ATC 0 0 0 0 0 5 0 0 0 0 0 0 6 132436 0 15 0 0 0 0 0 0 0 0 0 0 0 0 0 1 1 0 0 1 0 0 0 0 0 0 0 1 0 0 0 5 1 0 0 0 2 0 0 0 0 0 1 0 0 0 0 3 1 0
120 TGG 1 0 1 0 0 5 3 0 0 0 3 0 0 0 0 0 1 2 0 1 0 5 0 0 0 0 17 1 0 0 1 0 0 1 0 0 0 0 0 3 1 0 9 0 0 0 0 0 0 0 15 0 1 0 2 0 13 0 133166 0 1 1 2 0
121 CGC 0 0 0 2 0 2 1 2 0 3 0 0 0 2 1 4 0 40 1 0 1 4 0 0 3 132975 5 2 0 3 1 1 1 5 0 0 1 3 0 0 0 1 7 0 1 2 0 2 3 0 4 0 1 0 0 4 0 36 0 1 0 0 0 0
122 CAA 2 0 0 2 0 5 1 8 1 0 0 1 1 0 2 7 131843 0 27 1 2 0 3 0 22 0 17 2 2 2 0 0 1 0 1 0 5 0 1 6 1 0 0 0 1 0 28 0 9 0 6 0 0 0 0 0 2 0 1 0 0 0 4 1
123 GCC 0 0 0 0 0 23 0 0 0 13 0 2 0 0 0 7 0 0 0 0 0 0 0 1 0 0 3 0 0 0 0 0 0 1 1 0 8 131754 0 3 0 3 0 0 0 18 0 0 1 0 1 0 0 5 0 0 6 0 0 0 1 0 0 0
124 AAT 3 14 0 114096 0 0 0 2 0 0 0 3 0 0 0 1 0 0 0 1 0 0 0 1 0 0 0 0 0 1 0 3 1 0 0 7 1 0 1 0 0 0 1 0 0 0 0 0 1 0 1 1 0 0 2 0 0 0 0 0 0 0 0 1
125 AAT 4 15 3 108252 0 1 0 0 3 1 3 1 0 1 0 5 1 3 5 8 0 1 0 0 0 0 1 0 0 2 0 2 1 3 0 14 2 1 0 0 0 0 5 5 0 1 1 0 1 0 0 9 2 0 1 0 0 0 0 3 0 4 0 0
126 GGT 6 1 2 1 1 1 4 0 0 0 0 8 0 0 0 1 0 1 3 0 2 2 0 0 1 2 2 0 1 3 5 8 0 0 1 9 0 0 2 0 1 11 23 103674 0 0 0 3 0 0 4 0 2 0 0 0 0 0 1 3 0 0 1 0
127 GAT 5 5 4 25 1 14 1 0 17 0 92 0 7 7 0 3 1 1 0 12 2 1 3 0 0 5 0 0 0 9 0 0 0 22 1 99811 29 4 1 4 0 0 0 11 1 8 0 0 5 0 0 11 113 2 0 3 0 0 1 3 0 0 0 1
128 GAT 16 31 0 13 25 1 18 0 2 4 1 3 0 0 1 0 4 1 0 1 0 0 0 0 0 0 2 1 6 1 1 0 7 9 22 110182 8 1 0 5 0 0 0 10 0 0 0 5 1 0 2 2 14 1 8 0 2 0 0 1 0 0 0 0
129 GCA 5 2 0 0 77 4 1 0 0 15 0 1 0 3 1 0 1 0 0 0 0 0 0 0 4 15 1 0 1 3 0 1 2 1 0 0 123844 4 19 1 1 2 1 0 8 4 1 0 6 1 12 2 0 3 2 26 3 0 0 0 0 0 0 0
130 ACA 89 0 1 0 128521 19 13 1 26 0 0 0 2 0 0 3 0 0 0 3 0 2 3 1 0 0 21 2 0 0 2 0 0 0 0 0 6 1 1 0 0 0 0 0 6 1 39 0 2 3 0 0 2 0 0 0 5 1 0 0 0 0 1 2
131 GCT 0 0 0 0 1 0 2 17 0 5 1 2 0 0 0 0 0 3 1 12 0 2 0 7 0 0 0 0 0 0 0 0 0 0 0 2 11 17 1 121863 4 0 1 2 2 0 0 10 3 1 2 0 0 7 0 3 0 1 0 0 0 0 0 1
132 GGT 3 0 0 0 0 0 0 0 0 0 0 9 1 2 0 0 0 1 0 0 1 0 0 0 0 1 0 2 0 0 0 0 0 1 3 3 0 0 0 1 1 42 221 119930 2 0 0 1 2 0 1 1 0 0 0 0 0 1 0 2 0 4 0 0
133 CTG 0 1 0 0 26 0 0 1 1 0 2 0 1 1 2 0 0 7 2 0 1 0 20 0 1 0 2 0 40 7 124412 7 0 0 1 0 0 0 0 0 0 1 0 0 0 0 0 0 3 2 2 0 0 0 0 1 2 0 0 0 8 1 10 0
134 ACT 0 0 0 6 33 83 4 114706 0 0 0 0 0 0 0 5 0 1 0 1 2 1 0 0 0 0 0 0 4 1 0 0 0 0 0 0 0 3 0 11 1 0 0 0 0 17 2 16 0 0 0 0 2 2 2 3 0 0 0 3 0 0 0 0
135 CAC 0 2 0 0 0 0 0 1 0 0 0 0 0 1 0 0 11 116949 2 18 4 3 0 1 2 5 0 2 0 1 0 0 0 0 0 0 0 1 0 1 0 2 1 0 0 0 0 0 12 1 2 0 0 0 1 0 0 0 0 0 0 0 1 0
136 ATG 1 1 1 0 3 2 3 0 0 0 6 0 25 54 119257 193 0 1 0 0 0 1 0 1 0 0 0 0 15 30 3 1 0 0 0 0 0 1 0 2 0 4 0 0 0 1 19 0 8 0 6 4 0 0 1 0 3 0 2 2 0 0 95 0
137 ATG 0 0 2 11 0 0 7 0 0 0 0 0 11 0 106794 0 1 2 0 0 1 1 2 0 0 0 0 0 0 0 0 0 0 0 0 0 0 0 7 0 2 0 0 0 0 0 12 0 0 0 0 0 0 0 0 0 4 0 0 0 1 0 0 0
138 ATC 0 0 0 0 0 8 0 0 0 0 0 0 2 102425 0 2 0 0 1 5 0 0 0 0 0 0 0 0 2 0 1 0 0 0 0 0 0 0 0 0 0 0 0 0 0 5 0 0 2 1 1 1 0 0 0 0 1 1 0 0 0 0 1 0
139 TGG 0 0 0 0 0 0 0 0 0 0 4 8 0 0 0 0 0 0 0 1 1 0 1 0 0 0 33 0 0 3 0 0 0 0 0 0 2 0 0 0 1 0 2 1 0 0 0 0 1 0 6 0 0 0 0 0 20 0 127530 2 0 0 4 0
140 CAT 1 0 2 2 0 0 0 0 0 3 0 0 0 0 1 0 0 7 1 134367 0 0 0 1 0 0 0 0 0 0 0 1 0 0 0 0 1 0 0 0 0 0 0 0 0 0 0 0 0 0 5 9 0 0 0 0 0 0 0 1 0 0 0 1
141 TCC 0 0 0 0 0 1 0 0 0 1 0 1 0 0 3 0 0 0 0 1 0 14 0 0 0 0 0 0 0 1 0 0 0 0 0 0 0 1 0 0 0 0 0 0 0 1 0 0 13 3 2 0 7 134493 12 11 1 0 0 0 2 4 0 0
142 AAT 4 4 1 134175 0 0 0 2 0 2 0 4 1 0 0 0 0 1 0 0 0 0 0 0 0 0 0 0 0 0 0 0 2 0 0 22 0 2 0 0 0 0 0 0 0 0 0 0 2 0 0 0 0 0 2 0 0 0 0 0 0 0 0 0
143 TTG 0 0 0 0 1 0 0 0 0 0 0 0 1 0 1 0 2 0 0 0 0 1 1 0 0 0 0 1 0 3 9 0 0 0 0 2 0 0 0 0 0 0 1 0 0 0 0 0 1 3 0 0 0 0 20 0 0 0 0 0 12 0 134354 1
144 AAT 5 8 1 134133 0 0 0 2 0 0 0 11 2 1 0 0 0 0 0 2 0 1 0 1 0 1 0 0 0 2 0 0 0 1 1 30 2 2 0 2 0 0 0 3 0 0 0 0 0 0 2 0 0 1 0 0 1 0 0 0 0 0 0 0
145 GAT 0 0 0 5 0 0 0 0 0 0 0 0 1 0 0 0 0 0 0 1 0 1 0 0 0 0 0 0 0 0 0 0 0 31 0 134483 0 0 0 3 0 0 0 5 0 0 0 0 0 0 0 0 1 0 0 0 2 0 0 0 0 0 0 0
146 ACA 1 0 0 1 134104 66 30 0 1 0 0 0 10 0 0 0 0 0 0 0 6 2 0 0 0 0 0 0 0 0 0 0 2 0 1 0 295 10 1 0 0 3 1 0 0 0 0 0 0 0 0 0 0 4 0 1 0 0 0 0 0 0 0 0
147 ACA 2 0 0 0 134570 4 4 1 0 0 0 0 3 0 0 0 5 0 0 0 0 0 0 1 0 0 0 0 0 0 0 0 0 0 0 0 15 0 0 0 0 0 1 0 0 1 0 0 0 0 0 0 0 0 0 0 0 1 0 0 0 0 0 0
148 TAC 1 1 0 0 3 7 0 0 0 0 0 0 0 0 0 0 0 6 0 0 0 0 0 0 0 0 0 0 0 0 0 0 0 0 0 0 0 0 1 0 2 0 0 0 0 0 1 0 1 134489 2 2 0 2 0 0 0 9 0 0 0 0 0 1
149 CAG 0 0 1 0 0 0 0 0 0 0 0 0 0 0 0 0 10 0 134254 0 2 1 2 0 0 0 30 0 0 0 0 0 0 0 0 0 0 0 0 0 0 0 0 0 0 0 0 0 0 0 35 0 0 0 0 0 0 0 0 0 1 0 0 0
150 AGG 0 0 6 1 1 0 0 0 24 0 134499 1 0 0 4 0 0 0 0 0 0 0 0 0 0 0 23 1 0 0 0 0 0 0 0 0 0 0 0 0 0 0 17 0 0 0 0 0 0 0 1 0 0 0 0 0 0 0 1 0 0 0 0 0
151 ACA 1 0 0 0 134436 10 35 17 0 0 1 0 3 0 0 0 0 0 2 0 1 0 3 0 1 0 0 0 0 0 0 11 0 0 0 0 9 1 1 0 0 1 0 1 0 0 1 1 0 0 0 0 1 1 0 1 7 0 0 0 0 0 0 0
152 AGA 19 0 5 0 0 0 0 0 134148 0 13 1 1 0 0 0 0 0 0 0 0 0 0 1 46 4 39 12 0 0 0 0 0 0 2 0 0 0 0 0 23 0 0 1 0 0 0 0 0 0 12 0 0 1 0 0 5 0 0 0 0 0 1 0
153 GCT 0 0 2 0 2 0 0 19 3 0 0 0 0 0 0 0 2 0 2 0 0 1 0 0 1 0 0 0 1 0 2 1 0 0 0 4 7 24 1 134395 2 0 0 1 0 2 0 1 0 2 2 1 0 0 0 2 6 0 0 0 0 0 26 0
154 CTT 0 0 0 0 2 0 0 0 1 0 0 29 0 1 0 9 1 0 1 0 0 0 0 8 1 0 0 0 3 30 7 133685 0 0 0 0 1 0 0 0 0 0 0 0 1 5 0 0 1 0 2 0 0 0 0 0 4 0 0 0 6 0 26 2
155 GTT 4 0 2 0 1 2 0 2 0 0 0 0 1 0 1 3 0 5 0 0 0 0 1 0 3 0 0 0 1 0 0 2 0 0 0 0 0 0 3 14 2 0 1 1 10 21 8 132309 1 2 0 1 0 2 0 0 4 3 1 1 2 0 1 0
156 CGC 0 3 0 0 4 1 2 0 18 4 0 0 0 0 0 1 2 51 0 1 1 1 1 3 3 130575 22 40 0 3 0 0 0 0 0 0 0 0 0 0 3 1 0 3 0 0 0 0 0 1 0 0 0 0 0 7 3 18 2 1 0 0 0 0
157 ACC 0 5 0 0 6 131829 140 51 0 5 0 5 1 62 0 2 2 2 1 0 0 2 1 0 0 1 0 0 0 11 0 4 0 0 0 0 42 11 3 0 1 1 15 2 5 16 58 38 6 0 3 0 1 1 23 1 1 1 0 14 5 1 8 1
158 GGC 0 0 1 0 1 1 0 0 0 24 0 0 0 0 0 0 0 0 0 1 0 3 0 0 1 0 0 1 0 1 0 0 1 50 0 0 0 0 0 0 29 134192 83 20 1 0 0 0 2 0 1 0 2 0 0 0 2 4 0 0 0 0 0 0
159 ATG 3 1 0 0 0 0 7 5 0 2 2 0 13 0 134455 5 0 2 0 0 1 0 0 0 1 3 0 1 1 64 1 1 4 0 0 1 1 0 2 1 1 0 0 0 2 1 11 1 18 0 1 0 0 0 0 0 0 0 0 0 24 0 3 0
160 GAT 0 1 0 8 1 0 0 2 0 0 20 0 15 0 2 0 0 2 0 2 0 2 1 3 0 0 1 0 1 0 0 0 18 16 3 134466 0 0 1 0 2 0 1 7 2 0 1 0 0 0 0 0 0 1 0 0 1 0 0 3 0 0 0 0
161 CCC 0 2 1 1 0 1 0 0 0 1 0 0 1 5 2 0 0 4 0 0 80 133399 15 9 3 1 7 0 1 6 1 0 2 0 0 0 5 11 14 2 1 0 2 2 0 0 4 1 2 1 0 0 15 56 9 0 1 0 0 2 0 0 1 0
162 AGG 10 0 10 1 1 0 0 0 163 3 134211 3 5 0 2 0 0 3 0 0 0 1 0 0 2 1 7 9 2 1 2 0 0 5 0 0 0 4 0 2 1 0 34 0 0 0 1 0 1 1 0 0 1 0 4 0 7 0 3 0 2 0 0 1
163 ATG 1 2 2 0 6 2 4 0 1 5 0 1 15 0 134577 0 0 0 0 0 0 0 0 1 0 0 1 0 0 0 1 1 3 0 2 0 0 0 0 0 0 0 0 0 0 0 21 7 0 0 1 0 0 0 0 0 0 6 0 2 4 1 7 0
164 TGC 0 3 0 6 1 0 0 0 0 2 0 1 7 0 1 1 0 1 1 0 0 4 1 3 2 10 0 2 0 0 0 0 0 0 0 0 31 29 10 9 0 2 0 0 2 8 5 0 1 44 5 0 19 2 0 0 3 134341 0 28 0 1 0 1
165 TCT 2 6 0 16 5 8 1 1 0 2 0 3 0 0 0 0 1 0 0 0 5 12 0 8 0 0 0 0 0 0 2 0 1 3 0 1 1 1 6 0 1 8 1 3 0 0 0 0 1 0 0 3 4 45 5 134414 0 4 0 21 0 0 0 3
166 CTG 1 0 1 1 2 0 0 1 0 1 5 3 0 0 7 3 1 0 0 0 0 0 24 0 0 0 2 0 10 13 134480 2 0 0 0 0 0 0 0 0 0 0 1 0 1 0 0 0 2 0 0 0 1 0 0 0 2 1 0 0 7 0 50 0
167 ATG 0 2 0 4 0 1 3 0 0 0 3 0 45 2 134527 2 5 0 0 0 1 0 1 1 0 0 1 0 14 0 4 2 0 0 0 0 1 0 0 0 2 0 2 2 0 0 6 1 1 0 1 0 4 0 0 0 1 0 1 0 1 0 0 0
168 CAG 5 1 3 2 1 0 0 1 0 0 0 1 2 2 2 0 46 1 192520 13 0 0 21 0 3 31 57 3 0 0 5 0 1 2 1 0 3 3 14 6 1 1 0 0 0 0 0 1 3 0 50 0 3 2 1 1 1 1 0 0 0 0 0 0
169 GGT 0 0 0 1 0 0 0 1 0 0 0 13 0 0 2 2 0 2 0 1 0 1 0 0 0 0 0 0 2 0 0 0 0 0 0 22 0 0 0 0 18 16 66 191806 0 0 0 1 25 2 7 0 0 0 0 0 0 0 0 3 0 2 0 0
170 TCG 0 1 1 0 0 1 5 0 0 0 0 4 0 0 0 0 0 0 0 1 0 0 10 1 0 1 0 0 0 0 1 0 0 1 0 0 5 0 4 0 0 0 0 0 0 1 0 0 0 0 1 0 55 0 191985 75 1 0 0 0 0 0 27 0
171 ACT 0 0 0 4 2 15 2 192714 0 0 0 0 0 0 2 9 4 0 0 1 0 2 0 1 0 0 0 0 3 0 1 0 0 0 0 0 0 0 0 16 0 0 0 0 0 0 0 2 0 0 1 0 1 1 9 0 3 0 1 1 0 0 1 1
172 CTC 1 0 1 0 25 0 0 0 0 0 0 0 0 9 0 2 3 3 2 0 0 15 1 0 0 1 0 0 4 192679 11 3 1 0 0 0 0 3 1 0 0 1 0 1 0 1 0 0 2 0 4 0 0 2 5 0 0 0 1 4 0 2 0 0
173 CCT 4 0 0 7 0 0 0 5 0 0 0 0 0 1 0 0 0 1 0 5 151 58 313 192333 0 0 0 0 0 0 0 7 0 0 0 0 0 4 1 2 1 0 2 0 1 0 0 1 0 0 3 0 1 1 0 8 3 0 2 0 1 0 0 6
174 AGG 0 5 5 0 1 1 0 1 13 0 192786 0 0 0 5 0 2 0 0 0 0 0 4 0 0 0 8 0 0 3 0 1 0 0 0 0 0 2 1 0 0 0 14 0 0 0 0 0 6 0 15 0 0 1 0 12 1 0 0 0 3 0 3 0
175 AGG 0 1 19 0 1 1 0 0 22 1 192402 4 9 0 6 0 0 0 0 1 1 1 0 0 7 0 1 11 0 0 0 0 0 0 0 0 0 0 0 0 6 0 24 0 0 0 0 0 0 0 1 0 0 0 0 0 9 0 2 0 0 0 0 0
176 TCT 2 10 0 0 0 0 0 1 0 1 0 0 2 0 0 0 0 0 0 0 0 1 0 18 0 0 0 0 0 0 0 0 2 0 0 0 2 0 2 4 0 2 0 0 0 0 1 0 1 0 0 4 6 198 13 192648 0 1 0 0 0 0 2 5
177 GGA 4 0 0 0 0 0 0 4 6 0 0 0 0 0 0 0 0 5 0 1 0 0 0 0 1 0 0 0 0 0 0 0 4 0 0 1 0 0 0 0 192722 0 20 17 1 0 0 0 1 0 2 0 9 0 0 0 6 0 0 0 0 0 0 0
178 GCT 15 0 3 0 0 0 0 23 0 0 0 0 0 0 0 5 0 0 11 0 0 10 0 0 0 15 29 0 2 1 0 0 0 0 0 2 5 361 0 191848 0 0 2 0 0 0 0 20 2 0 1 0 2 0 0 8 0 3 2 0 0 0 1 0
179 GCA 0 0 0 0 109 1 0 1 0 0 0 1 1 0 0 0 0 0 0 0 0 0 0 0 0 0 0 0 0 0 0 0 0 0 0 0 191363 157 141 20 0 0 0 0 41 0 0 0 0 0 0 1 4 0 0 6 0 0 1 0 0 0 0 2
180 GGC 2 0 0 0 0 22 0 0 0 7 0 1 0 6 0 0 0 0 0 1 0 0 0 0 0 0 0 1 1 1 1 0 0 27 0 0 0 0 0 0 5 192069 16 45 0 0 0 0 1 0 0 0 0 0 0 0 5 9 0 0 0 0 0 0
181 GCT 0 0 0 1 5 0 0 86 0 7 3 0 0 0 1 0 0 15 0 1 0 0 1 1 0 0 4 1 0 4 0 0 0 2 2 9 1 124 19 191609 2 1 2 0 0 0 1 12 0 0 3 0 0 0 1 6 2 0 16 0 0 0 0 1
182 GCA 0 0 0 8 91 0 0 0 0 2 0 0 0 0 0 0 0 6 0 0 0 0 0 1 1 1 3 3 0 0 0 0 0 3 0 0 191497 30 28 5 0 0 4 0 109 0 3 0 0 0 3 0 5 0 2 0 0 0 0 0 0 0 0 0
183 GTC 0 0 0 0 2 12 0 0 0 3 0 0 0 22 1 0 0 1 2 0 1 0 2 0 0 1 0 2 0 3 0 0 0 0 0 0 0 14 0 0 0 2 0 0 1 192383 9 28 1 1 0 0 1 0 0 0 0 0 0 1 0 6 2 0
184 AAA 192354 20 111 24 22 3 0 0 7 0 1 0 0 1 0 0 1 2 0 0 0 0 0 0 1 1 1 0 3 0 0 0 12 0 0 0 0 0 2 0 0 0 0 0 0 1 11 0 0 0 6 0 1 0 0 0 0 2 0 0 0 0 0 0
185 GGA 1 0 0 0 0 0 0 0 16 0 0 0 0 0 0 0 0 0 0 0 1 1 0 31 1 0 0 2 0 0 2 2 14 0 0 0 0 0 0 0 192744 6 37 30 10 0 0 0 0 0 1 1 0 0 0 0 26 0 0 2 0 0 0 0
186 GTT 0 0 0 0 0 3 1 4 1 0 0 0 13 85 0 77 3 0 2 1 0 0 2 8 0 1 0 0 0 0 0 0 0 0 10 0 0 0 5 4 0 1 0 3 16 19 7 192702 3 1 0 10 0 0 0 0 0 0 0 0 1 0 2 2
187 GGG 0 5 0 0 2 0 0 0 2 0 13 0 0 0 0 0 0 0 0 0 0 1 0 5 0 0 0 0 0 1 0 0 0 3 15 0 1 0 1 0 20 9 192488 2 0 0 3 1 0 0 1 0 0 0 1 1 1 1 2 0 2 0 0 0
188 ACA 2 0 0 1 192674 9 62 1 0 0 0 0 5 0 0 0 0 3 0 4 0 0 3 0 0 1 0 0 4 0 0 0 0 1 0 0 19 0 0 0 0 0 0 0 0 0 1 0 0 0 0 0 1 0 1 0 3 0 0 0 0 0 2 0
189 ATG 0 0 1 1 0 0 14 0 0 1 1 0 33 0 192751 7 3 2 2 1 0 0 1 0 0 0 3 0 5 4 5 5 0 0 0 0 0 0 1 0 6 0 2 0 2 0 20 0 0 2 3 0 1 0 0 0 0 30 0 23 0 1 2 1
190 GTG 0 0 0 2 1 8 0 0 0 0 1 2 0 2 11 0 0 0 0 0 0 1 1 0 0 0 2 0 1 0 0 0 0 3 1 0 1 1 19 0 0 0 4 0 37 26 192602 1 0 0 0 0 6 2 3 3 0 2 0 1 0 0 2 0
191 ATG 0 1 1 5 0 13 10 0 0 0 4 2 8 0 192643 5 0 2 3 0 2 1 0 0 0 0 0 0 0 0 1 0 0 0 0 0 1 0 0 3 2 0 0 0 0 0 20 0 4 0 1 2 0 0 0 0 3 0 1 0 0 0 0 0
192 GAG 0 0 6 0 0 0 1 0 0 0 0 0 0 0 0 0 0 0 0 0 0 2 0 0 1 0 1 2 0 0 0 0 49 1 192801 2 1 0 1 0 0 6 44 0 0 0 7 0 0 0 9 0 0 4 0 3 0 0 0 0 0 1 6 0
193 TTG 0 0 0 0 1 0 0 0 0 0 0 0 0 0 0 0 0 0 0 0 0 0 0 0 0 0 2 0 0 0 65 0 0 0 0 0 0 0 2 2 0 0 3 0 2 0 3 2 30 0 0 2 0 1 22 0 1 1 1 6 36 0 192784 1
194 ATA 2 0 1 0 23 0 0 2 2 0 0 1 192822 19 16 6 0 0 0 0 0 10 0 2 0 0 0 0 0 2 1 0 0 0 0 1 0 2 0 0 0 0 0 1 41 1 1 2 0 0 0 1 0 0 0 0 0 0 0 0 0 0 0 0
195 AGG 0 0 21 0 0 0 0 0 29 0 192734 3 0 0 26 0 1 1 0 5 0 1 0 0 2 0 15 17 0 0 3 0 0 0 0 0 0 1 0 0 0 0 26 0 0 1 0 0 2 0 0 0 1 0 0 0 3 0 2 0 0 0 0 0
196 ATG 1 2 0 0 0 0 15 0 0 0 0 0 16 0 192784 2 0 1 0 1 0 1 1 0 0 0 2 0 1 6 1 1 4 0 0 0 5 0 0 0 1 0 1 1 0 0 50 2 2 2 0 1 3 0 0 0 0 1 12 4 0 4 1 0
197 ATC 0 0 0 0 0 12 14 1 0 1 1 0 17 192650 0 130 0 0 3 0 0 3 0 0 0 8 3 1 0 0 0 0 0 0 0 0 2 2 0 0 0 16 0 3 0 30 9 12 3 0 1 0 0 0 1 0 0 1 0 0 3 0 0 0
198 AAA 192973 9 12 0 1 0 0 0 13 0 0 0 1 0 0 0 2 0 0 0 0 0 0 1 0 0 0 0 0 0 0 0 11 0 0 0 0 0 0 0 0 1 0 1 0 0 0 0 2 0 5 0 0 2 0 0 0 0 0 0 0 0 0 0
199 CGT 0 2 0 0 0 0 0 0 0 0 16 5 0 0 0 0 3 4 0 12 0 2 0 0 5 5 6 192849 0 0 0 2 1 0 0 0 0 0 0 0 0 0 4 0 0 0 0 0 0 0 0 0 0 0 0 0 8 0 0 10 0 0 0 0
200 GGG 0 0 0 0 0 2 9 0 0 0 26 0 0 0 0 1 1 0 1 0 0 0 0 2 0 0 1 0 0 0 2 0 0 0 11 0 0 3 0 0 85 8 191477 1 0 1 5 0 10 0 0 0 0 0 1 0 0 0 6 0 0 0 2 0
201 ATC 22 6 0 0 0 17 1 0 1 1 1 0 11 192713 1 2 3 2 0 0 1 0 0 0 3 0 0 0 1 3 9 3 0 1 0 0 0 5 0 0 1 6 0 3 0 44 8 21 0 0 1 0 0 0 0 1 2 0 1 12 1 0 0 0
202 AAT 1 56 1 192743 0 4 0 1 0 0 0 57 0 0 0 9 2 11 0 1 1 0 0 0 0 1 8 0 1 0 0 0 0 0 0 33 2 1 1 0 0 0 1 1 1 0 0 0 4 1 1 4 0 2 0 1 0 0 0 0 0 0 7 2
203 GAT 16 0 0 11 2 0 0 0 1 1 0 0 0 0 0 0 0 0 0 0 0 0 0 0 0 0 0 0 0 0 0 0 0 13 0 192869 0 1 1 6 1 4 0 12 0 0 0 2 1 1 1 4 0 0 0 1 1 0 0 0 0 0 1 0
204 CGG 3 0 0 0 1 0 0 0 37 0 47 0 1 0 0 0 0 0 26 0 0 0 0 0 40 18 192434 13 1 0 1 0 0 7 2 0 3 4 0 3 0 1 0 0 0 0 0 0 15 0 1 0 0 0 0 0 3 0 31 0 0 4 0 0
205 AAC 2 189887 0 9 0 2 0 0 0 22 1 0 50 2 1 0 0 1 0 1 0 0 0 0 0 0 0 0 0 0 0 1 0 9 0 0 4 0 0 2 1 2 1 0 0 0 0 0 2 3 0 0 3 0 0 0 1 0 0 3 0 0 0 0
206 TTC 0 0 0 0 2 0 0 0 0 0 0 0 5 1 6 0 0 0 0 0 0 0 0 0 0 0 2 0 0 15 0 0 0 0 2 0 0 0 1 1 0 0 0 0 1 0 0 0 0 1 3 0 0 8 0 0 3 1 0 0 4 192680 0 1
207 TGG 0 0 0 0 0 0 0 0 0 0 3 0 0 1 0 0 3 2 0 0 0 0 1 3 0 0 42 0 0 0 0 2 0 0 0 0 3 1 0 0 0 0 2 0 0 0 0 0 0 1 13 1 0 0 0 1 17 2 192576 0 0 17 1 7
208 AGA 8 0 0 0 0 0 0 0 190447 1 66 5 0 1 0 0 0 1 2 0 0 2 0 0 34 16 0 0 0 1 0 1 0 0 0 0 0 0 0 0 27 0 0 0 0 0 0 0 2 0 1 0 0 0 1 1 6 0 0 0 0 0 0 0
209 GGT 0 0 0 0 0 0 0 0 0 0 0 12 0 1 0 0 0 0 0 0 0 1 0 1 0 0 1 1 0 0 0 0 0 0 0 19 0 0 0 0 6 45 153 166311 0 0 2 1 0 0 10 0 0 0 0 0 1 0 0 1 0 0 0 0
210 GAA 20 0 0 0 0 0 2 0 0 24 0 0 1 0 0 0 0 1 0 1 0 1 0 0 0 0 0 0 3 1 0 0 188534 11 21 2 0 0 0 0 21 2 0 0 1 0 0 0 4 0 0 1 0 1 0 0 0 0 0 0 0 1 0 0
211 AAT 1 23 2 176586 5 0 1 34 0 8 0 16 0 25 0 1 0 0 0 3 1 17 0 1 2 0 0 0 2 0 0 0 0 0 17 8 10 0 7 0 0 81 28 0 1 19 8 9 10 0 0 0 0 0 33 11 2 1 0 3 0 3 43 0
212 GGA 0 0 0 0 1 0 0 0 38 0 1 0 3 1 0 1 0 0 1 0 0 0 0 0 0 0 0 0 2 0 1 0 17 0 2 0 0 1 0 0 175390 3 48 35 2 0 0 0 0 0 0 0 0 4 0 0 16 0 2 0 0 0 0 0
213 CGA 0 0 1 0 0 0 0 0 5 0 47 0 0 2 0 0 59 0 2 0 0 0 0 0 174571 10 32 1 0 14 3 1 1 0 0 0 0 0 0 0 0 0 0 0 0 0 0 0 0 0 6 0 1 0 0 0 30 0 0 0 0 0 0 0
214 AAA 182524 0 39 0 0 0 0 1 23 1 7 0 1 0 0 0 1 2 1 0 0 0 0 0 0 2 1 1 0 5 1 1 9 0 0 0 0 4 0 0 0 0 32 1 0 1 0 0 0 1 0 0 0 0 0 0 3 0 0 0 0 1 0 0
215 ACA 2 1 0 0 186164 23 39 14 0 0 0 0 6 0 0 0 1 0 2 0 52 0 0 1 0 0 0 2 0 0 0 0 0 0 0 1 23 4 5 0 0 1 0 13 0 1 0 0 0 0 1 0 0 0 0 11 0 3 0 0 0 0 0 0
216 AGG 0 0 19 0 0 0 1 0 24 0 178169 0 0 0 13 0 0 0 0 0 0 1 0 0 3 0 4 0 1 0 0 0 0 1 0 0 0 0 0 0 0 1 28 0 0 0 0 0 0 0 0 0 0 3 0 0 0 2 6 2 0 0 1 0
217 AGT 0 6 28 86 7 17 7 2 3 54 1 161981 0 0 0 1 0 1 1 0 0 0 0 0 1 0 1 6 0 0 4 0 0 0 1 0 1 5 1 9 0 0 14 14 0 6 0 0 0 0 3 0 1 0 11 0 0 0 0 5 3 0 0 0
218 GCT 0 2 0 0 0 0 0 19 0 7 0 0 0 0 0 1 0 0 0 0 0 0 2 0 0 0 0 0 0 0 32 0 0 0 0 7 7 20 24 161483 0 0 0 1 0 0 0 1 0 0 0 0 0 0 0 1 0 0 0 0 0 0 1 0
219 TAC 0 0 0 0 0 0 0 0 0 0 0 0 0 0 1 0 0 12 0 0 4 0 0 0 1 0 0 0 0 0 0 0 0 0 0 0 0 0 0 0 0 0 2 0 0 0 0 0 14 174526 3 14 0 5 0 1 0 7 0 0 0 1 0 0
220 GAG 0 0 3 4 93 2 1 0 0 0 0 0 0 1 0 0 0 0 0 0 0 0 0 0 0 0 0 1 1 0 0 0 2 0 169250 2 0 0 1 0 0 2 15 0 0 0 0 0 1 0 2 0 0 0 0 0 0 0 0 0 3 0 0 0
221 AGA 12 0 0 0 0 0 0 0 174942 0 13 0 0 0 0 0 0 0 18 1 0 0 0 0 1 0 0 0 0 0 0 0 0 0 0 0 0 0 0 0 17 0 0 0 0 0 0 0 0 0 0 0 0 0 0 0 1 0 0 0 0 1 1 0
222 ATG 0 0 0 0 0 0 10 6 0 2 2 0 8 0 163123 0 1 0 0 0 0 0 0 0 0 0 0 0 0 0 0 0 0 0 0 0 0 0 0 7 0 0 45 0 0 0 5 0 1 0 0 0 0 0 0 0 0 0 0 1 0 0 2 0
223 TGC 0 0 0 0 0 25 0 0 0 1 0 0 0 0 0 0 0 0 0 0 0 0 0 0 0 9 0 0 0 0 0 0 0 0 0 0 0 0 0 0 0 1 0 0 0 0 0 0 0 16 0 0 0 0 0 0 3 144402 0 39 0 2 0 0
224 AAC 2 150801 0 8 0 0 0 0 0 8 0 0 0 0 0 0 0 2 0 0 0 0 0 0 0 0 0 0 0 0 0 0 0 8 0 0 0 0 0 0 0 0 0 0 0 0 0 0 0 0 0 0 0 0 0 0 0 0 1 0 0 0 0 0
225 ATT 0 0 0 1 0 0 0 16 0 0 0 1 0 33 0 192744 1 0 0 0 0 0 0 0 0 0 0 0 0 0 5 0 0 0 0 0 0 0 2 0 0 0 0 0 0 0 0 11 0 0 0 0 0 0 0 0 0 4 0 0 0 1 0 1
226 CTC 0 0 0 0 0 0 0 0 0 0 0 0 0 1 0 0 0 0 0 0 0 21 0 0 0 1 0 0 2 192749 0 4 0 0 0 0 0 0 0 0 0 0 0 0 0 0 0 0 0 0 0 0 0 0 0 0 0 0 0 0 0 6 0 0
227 AAA 192549 0 49 1 1 0 0 0 21 0 0 0 0 0 0 0 1 0 0 0 2 0 0 0 0 0 0 0 0 0 0 0 10 0 0 0 0 0 0 0 2 0 0 0 0 0 0 0 0 0 1 0 0 0 0 0 0 0 0 0 0 0 0 0
228 GGA 0 0 7 0 2 0 0 0 13 17 0 0 0 0 0 0 0 0 0 0 0 0 0 0 5 0 1 0 0 0 0 0 9 0 1 0 1 17 0 0 192679 2 40 1 1 0 1 0 0 0 0 0 0 0 14 0 7 0 0 1 6 4 0 12
229 AAA 192512 0 5 4 1 0 0 0 3 0 0 0 0 0 0 0 0 0 0 0 0 0 6 0 0 0 0 0 0 0 0 0 7 0 0 0 0 0 0 0 0 0 0 5 0 0 0 0 0 0 0 0 0 0 0 0 0 0 1 0 0 0 1 0
230 TTT 0 1 0 1 0 0 0 0 0 0 0 0 0 0 0 0 0 0 0 0 0 0 0 0 0 0 0 0 1 0 0 9 1 0 0 0 0 0 0 0 0 0 0 6 0 0 0 1 0 4 0 0 0 0 0 11 0 0 0 1 5 27 0 192795
231 CAA 0 0 0 0 0 7 0 0 0 0 4 0 0 0 1 0 192653 3 18 0 0 3 13 0 65 0 0 0 3 0 14 0 2 0 0 0 0 1 3 0 0 0 0 0 0 2 0 0 5 2 0 0 0 6 2 0 3 1 0 0 0 0 1 0
232 ACA 2 0 0 4 192842 8 5 0 3 1 0 1 10 0 0 0 0 4 0 5 10 0 0 2 12 0 0 0 0 0 2 0 0 0 0 0 7 2 1 0 0 0 0 0 0 0 0 1 0 0 0 0 1 0 0 1 5 0 0 0 0 0 0 0
233 GCT 1 0 0 18 0 0 0 21 1 2 0 0 0 0 0 0 4 0 0 0 35 0 1 45 1 0 0 0 0 0 0 0 0 0 0 5 20 14 3 192563 0 9 0 14 4 0 7 16 1 0 0 0 0 0 1 3 0 4 0 1 0 0 0 0
234 GCA 0 1 0 0 84 0 0 2 0 1 0 1 0 0 0 0 0 0 0 0 27 38 2 0 0 0 0 0 1 0 0 0 1 0 1 0 192212 1 12 1 1 0 0 0 19 6 0 0 0 0 0 0 1 0 0 0 0 1 0 2 0 1 0 0
235 CAA 3 0 0 0 0 0 0 2 0 0 1 0 0 0 0 0 192810 1 13 1 4 0 0 2 16 1 0 3 0 1 2 0 0 0 0 0 0 0 0 0 0 6 0 0 0 0 0 0 9 1 0 0 0 0 3 0 0 0 0 0 1 0 0 0
236 AGG 4 0 32 0 0 0 0 6 95 0 192545 1 1 0 8 0 1 0 0 0 1 3 1 0 80 0 13 2 0 2 0 0 0 0 0 0 0 0 0 0 0 0 75 0 0 0 0 0 0 1 0 0 0 0 0 0 0 0 4 0 0 0 0 0
237 GCA 3 1 0 0 25 2 1 1 0 0 0 1 0 0 0 0 0 0 0 1 3 2 1 8 1 0 2 1 2 0 0 0 0 0 0 0 192619 2 13 9 1 0 1 0 37 0 0 0 5 0 40 0 48 1 1 0 0 0 0 0 0 0 0 0
238 ATG 1 0 2 1 0 0 8 1 0 0 1 0 6 1 192588 7 0 0 0 0 1 1 0 0 1 0 0 0 0 1 3 9 0 0 0 2 0 0 0 0 2 0 4 3 0 0 14 0 0 0 0 9 0 0 1 0 0 0 0 0 0 3 10 0
239 ATG 0 0 2 0 5 0 17 6 0 1 1 0 13 0 192729 10 0 0 0 0 0 1 0 0 0 0 0 0 0 0 0 0 0 1 0 0 0 1 24 3 0 0 0 0 0 0 73 0 0 5 3 0 1 0 4 0 0 0 1 0 0 0 5 6
240 GAT 1 0 0 10 0 0 0 4 0 0 1 1 0 0 0 0 21 19 0 0 0 2 0 0 0 0 5 0 0 1 1 0 0 21 1 192754 0 0 0 2 0 0 2 27 0 0 0 0 0 0 0 0 0 0 0 1 0 0 0 0 0 0 0 0
241 CAA 6 0 1 0 1 0 2 1 4 0 0 10 0 1 0 3 192622 1 65 3 1 0 0 0 35 0 4 0 0 0 0 0 1 0 0 0 0 0 1 0 1 0 0 1 1 0 1 1 53 0 0 0 0 0 0 0 0 0 0 0 0 0 0 1
242 GTG 0 0 1 0 0 0 0 0 0 1 17 0 2 0 37 0 2 9 0 4 1 1 0 0 0 0 0 1 0 1 0 4 0 0 1 1 0 2 6 3 0 0 3 0 58 18 192608 28 0 0 1 0 0 0 0 0 1 0 1 0 0 0 7 0
243 AGA 17 0 41 0 0 0 1 0 192560 1 55 5 4 0 1 2 3 2 0 0 2 2 2 0 13 1 3 6 0 11 0 0 0 2 1 4 0 0 2 3 22 3 0 0 0 0 2 0 0 2 0 0 0 0 0 0 1 0 1 2 0 2 0 0
244 GAA 15 0 0 0 0 4 1 0 0 0 0 0 0 0 0 0 6 0 0 0 0 1 0 1 0 0 0 0 0 10 0 1 192869 1 36 0 2 4 0 3 17 0 1 0 0 0 1 0 1 0 4 0 0 0 0 0 2 0 8 0 0 0 0 0
245 AGT 0 0 0 7 0 2 0 0 0 11 0 192118 0 0 0 7 2 0 0 0 16 11 1 0 1 0 0 5 1 2 6 0 3 0 0 0 0 16 44 0 1 16 55 29 0 0 0 0 2 0 0 0 0 2 0 0 0 2 2 7 0 1 2 0
246 CGG 0 1 1 0 0 2 0 0 0 1 8 0 0 0 0 0 0 0 39 0 0 0 0 0 29 0 191407 2 0 0 19 0 0 0 2 0 0 1 0 3 0 0 2 17 0 0 0 0 0 0 0 0 0 0 0 0 2 0 24 1 0 0 0 0
247 AAC 8 192573 1 29 13 11 0 0 0 6 1 0 0 0 0 0 0 0 0 0 0 0 0 5 0 3 0 0 0 0 0 0 0 9 0 0 1 4 1 1 0 1 1 0 0 0 0 0 5 0 0 0 0 44 0 0 0 0 2 4 0 0 0 0
248 CCA 0 0 0 2 4 0 0 0 0 1 0 0 0 0 0 0 7 6 5 0 192677 46 52 5 1 0 0 0 8 0 0 0 0 0 0 0 0 0 0 0 0 0 1 0 0 0 0 0 1 0 0 0 3 1 0 0 0 0 0 0 0 2 0 3
249 GGA 0 0 0 5 0 0 0 0 12 0 0 0 0 0 0 0 0 0 0 0 0 0 0 0 0 0 0 0 0 0 0 0 9 0 0 0 0 0 0 0 192842 3 23 38 5 0 3 4 0 2 0 0 0 0 0 0 19 0 1 0 0 0 0 0
250 AAT 10 10 4 192691 2 1 2 0 0 0 5 16 0 0 4 2 0 0 2 2 0 0 0 3 0 0 1 4 6 0 0 0 0 0 0 6 12 0 0 0 2 0 5 3 0 0 5 0 0 0 5 0 2 0 3 1 9 0 1 0 0 0 0 0
251 GCT 0 0 0 0 0 0 0 35 0 0 0 0 0 0 0 0 0 0 0 0 0 1 0 2 0 0 0 0 1 1 0 0 0 0 0 1 3 31 10 173782 0 0 0 0 0 1 2 22 0 0 0 0 2 0 0 3 0 0 0 5 0 0 0 0
252 GAG 0 0 8 1 0 0 0 0 0 0 0 0 0 0 0 0 0 0 0 0 0 0 0 0 0 0 1 0 0 0 0 0 22 0 173832 3 0 0 2 0 0 0 28 0 0 0 1 0 0 1 0 0 0 0 0 0 0 0 0 0 0 0 0 3
253 ATC 0 1 0 0 0 3 0 0 0 0 0 0 3 173735 3 20 0 0 0 0 0 0 0 0 0 0 1 0 0 0 0 0 0 3 0 0 0 0 0 0 0 0 0 0 0 8 2 2 0 0 0 0 0 0 0 0 1 0 0 0 0 0 2 0
254 GAA 31 0 0 0 0 0 0 0 0 0 0 0 0 0 0 0 0 0 0 0 0 0 0 0 0 0 0 0 0 0 0 0 173915 0 12 2 0 0 0 0 22 0 0 0 0 0 0 0 2 0 0 0 0 0 0 0 0 0 0 0 0 0 0 0
255 GAT 0 0 0 13 0 0 0 0 0 0 0 0 1 0 0 0 0 0 1 1 0 0 0 0 0 0 0 0 0 0 0 0 0 24 0 174022 0 0 0 1 0 0 0 15 0 0 0 0 0 1 0 1 0 0 0 0 5 0 0 0 0 0 0 0
256 CTC 0 0 0 0 0 0 0 0 0 0 0 0 0 4 0 0 0 5 1 0 0 20 0 0 0 0 0 0 14 173872 8 21 0 2 0 0 0 0 0 0 0 1 0 0 0 4 1 2 0 0 0 0 0 0 0 1 3 0 0 6 0 5 15 0
257 ATC 0 0 0 0 0 6 3 0 0 4 0 0 4 173720 0 4 1 0 0 0 1 2 1 2 0 0 0 0 1 9 0 0 0 0 0 0 0 2 2 0 0 0 0 0 0 9 0 1 0 2 0 2 0 0 0 0 3 0 0 1 0 3 28 0
258 TTT 0 0 2 0 0 6 0 0 0 0 1 0 0 0 0 1 0 3 0 0 0 0 0 0 0 0 0 0 0 0 0 7 1 0 0 0 2 1 1 0 3 9 1 0 0 2 3 0 5 0 0 1 1 0 27 9 0 0 0 2 0 15 0 173956
259 CTG 0 0 1 3 2 0 1 0 2 0 0 0 0 0 2 0 0 0 4 2 0 6 8 0 0 0 3 0 12 8 173846 10 0 0 0 0 0 5 0 9 4 3 0 0 1 0 1 1 0 1 1 0 0 0 0 0 0 1 0 0 0 0 16 0
260 GCA 0 0 0 0 48 0 0 0 0 0 0 1 0 0 0 0 0 1 0 1 2 1 0 2 0 0 0 0 0 0 0 0 8 1 0 0 173371 2 14 6 0 1 0 0 36 0 0 0 0 0 0 1 1 0 9 3 0 0 0 0 0 0 0 0
261 CGG 0 0 0 0 0 0 0 0 0 0 120 0 0 0 0 0 0 0 19 0 0 0 1 0 40 0 172992 52 0 0 10 0 0 0 0 0 0 0 0 0 0 0 0 0 0 0 0 0 0 0 4 0 0 0 0 0 0 0 39 0 0 0 0 0
262 TCT 0 0 0 0 1 0 1 0 0 2 0 0 0 0 0 0 0 0 0 1 0 1 0 13 0 0 0 0 0 0 2 0 0 0 1 0 2 0 0 1 0 4 0 0 0 0 3 0 4 0 4 5 13 72 2 173414 0 0 0 0 0 0 1 8
263 GCA 3 0 0 0 90 0 0 0 2 0 0 0 24 0 0 0 0 0 2 0 0 0 0 0 0 0 0 0 0 2 0 0 4 0 0 0 173608 34 7 0 1 0 5 0 66 0 0 0 2 0 0 0 1 1 1 0 0 0 1 0 0 0 0 0
264 CTC 0 0 0 3 1 0 2 0 0 0 0 0 0 2 0 0 0 3 0 0 0 16 0 0 0 0 0 0 39 173637 3 6 0 0 1 0 0 0 2 0 0 2 0 0 0 0 1 2 0 0 0 1 0 0 0 1 0 0 0 0 8 21 7 2
265 ATA 0 0 0 0 62 3 1 2 0 0 0 0 173436 6 16 0 0 0 0 1 0 1 2 2 18 0 0 0 12 11 1 1 2 0 0 0 0 5 9 0 3 0 0 0 49 1 0 6 0 0 2 0 0 0 1 1 0 1 0 1 0 0 1 0
266 TTG 2 0 0 0 0 1 1 0 0 0 2 0 7 0 2 0 0 0 0 0 0 0 1 0 2 0 3 0 42 4 15 5 0 0 0 0 0 0 0 0 0 2 1 0 1 1 4 6 0 1 6 0 0 0 12 0 1 0 0 0 7 0 173660 3
267 AGA 14 1 12 24 0 0 1 0 173770 0 77 4 4 2 0 0 0 0 0 0 0 40 1 3 1 0 8 0 0 1 5 1 0 0 0 0 0 1 6 0 24 2 0 0 2 0 1 0 0 0 2 0 1 1 0 0 3 0 5 0 0 0 0 0
268 GGG 0 0 0 0 41 2 0 0 0 10 13 0 0 0 0 0 0 2 0 0 0 101 21 5 0 0 0 0 0 0 0 0 0 1 8 0 0 1 0 0 92 0 173645 11 0 1 1 4 0 0 0 0 0 6 5 2 0 0 2 0 0 0 0 0
269 TCA 1 1 0 0 1 2 1 0 0 18 0 0 0 0 0 0 1 0 0 1 7 0 0 0 0 0 0 0 0 0 0 0 2 0 0 0 33 11 0 4 0 0 1 0 9 0 0 0 6 0 0 0 173752 3 74 4 0 3 0 0 9 0 0 0
270 GTT 0 0 1 0 1 0 1 1 0 0 0 0 3 0 0 21 0 10 0 0 0 2 0 3 0 0 0 0 0 0 0 0 0 0 0 0 1 4 0 6 0 0 4 0 11 32 7 173880 0 2 0 3 1 0 0 0 1 0 0 0 1 0 0 0
271 GCT 2 0 2 0 0 2 2 32 0 1 0 1 0 0 0 0 3 2 1 0 0 1 0 0 0 0 0 0 0 0 0 0 0 0 0 4 24 28 3 173785 0 0 0 4 0 0 0 20 3 0 4 1 0 2 0 1 0 0 0 0 0 0 0 0
272 CAC 10 2 0 0 1 1 2 0 0 0 0 0 1 0 0 0 3 173785 1 13 2 3 0 0 2 15 0 0 6 6 4 0 0 0 0 0 0 0 0 1 1 0 2 0 0 0 0 0 0 19 1 2 1 0 0 1 2 1 0 0 0 0 0 0
273 AAA 173799 3 48 26 1 6 0 0 7 1 0 1 0 0 0 6 3 15 0 0 0 3 0 0 0 0 0 0 10 1 0 3 10 0 0 0 0 0 0 8 1 0 7 0 0 0 1 0 1 0 1 7 0 1 0 0 10 0 9 0 0 0 0 0
274 TCT 0 2 0 0 8 4 5 2 0 41 2 47 3 0 0 0 0 2 0 0 0 8 1 12 0 0 0 0 0 0 0 0 0 2 2 2 4 1 1 5 0 2 2 0 0 2 0 1 1 3 0 2 24 65 1 173809 0 0 0 1 1 0 1 8
275 TGT 0 1 4 0 1 0 2 1 8 0 0 4 0 0 0 0 0 1 0 1 0 0 1 0 0 1 0 29 2 0 1 1 0 0 4 0 0 2 0 2 0 0 1 1 0 1 0 0 1 0 1 6 1 0 0 3 6 33 1 173883 0 0 0 1
276 CTG 1 0 0 0 0 0 1 0 0 1 0 0 2 0 5 1 0 0 2 0 2 0 8 0 1 0 1 1 126 8 173758 6 0 0 0 0 0 0 0 1 1 0 0 0 0 0 0 0 0 0 1 0 0 0 6 0 3 0 2 0 0 0 32 0
277 CCC 1 0 0 0 0 6 0 2 0 1 0 0 0 0 0 0 1 1 0 0 22 173748 1 29 0 1 0 0 0 10 0 0 2 0 0 0 0 2 1 0 0 1 18 2 0 0 0 0 0 0 0 0 0 44 0 0 0 0 0 0 0 0 0 0
278 GCC 0 0 0 0 0 43 0 0 0 0 0 0 0 1 0 0 0 0 0 0 0 1 0 0 0 0 0 0 0 2 0 0 0 0 1 0 40 172341 38 12 0 1 4 0 1 23 0 0 0 0 3 0 0 8 0 0 0 0 0 0 0 1 0 2
279 TGT 0 0 1 0 0 0 0 0 1 0 0 13 0 0 0 1 0 4 2 0 0 2 0 0 0 0 3 98 0 1 1 0 0 1 0 0 1 3 0 1 0 2 0 21 0 0 0 2 0 1 1 23 0 0 1 0 4 66 4 173690 0 0 1 2
280 GTG 0 1 3 0 0 0 0 0 0 1 0 0 16 63 45 5 0 0 0 4 0 0 0 45 0 1 0 0 1 2 0 1 0 0 0 0 0 0 16 2 0 2 0 1 55 119 173608 27 0 0 3 0 4 0 0 0 0 12 2 2 0 0 1 0
281 TAT 0 2 51 2 0 0 0 0 0 0 1 1 2 0 0 0 0 0 0 38 0 2 0 0 0 0 0 0 1 0 0 0 0 2 0 1 0 0 0 0 0 0 13 1 0 1 2 1 5 26 4 173873 0 0 0 0 1 0 0 15 0 1 0 0
282 GGA 0 0 5 0 0 1 0 1 11 1 1 0 0 1 0 1 0 0 0 0 0 0 2 0 0 2 0 0 0 0 3 0 16 0 0 0 0 1 3 6 173684 11 86 51 5 0 2 1 3 0 1 0 0 2 0 0 3 1 0 0 1 1 1 2
283 CCT 5 4 1 21 79 38 49 302 2 33 33 85 8 2 221 0 206 0 9 146 6 69 9 167357 17 32 70 9 1 3 151 222 1 2 11 1 382 216 930 1150 280 85 561 55 3 4 67 0 6 25 0 14 122 120 74 237 2 3 348 42 3 0 1 38
284 GCC 0 0 0 0 1 30 14 0 0 0 0 6 0 0 0 0 0 0 0 0 0 0 1 0 0 0 1 0 0 0 0 0 0 1 0 0 3 173729 8 57 0 0 2 0 1 23 0 0 0 0 0 0 0 4 0 0 0 0 0 0 0 0 0 2
285 GTA 0 13 0 0 0 0 1 0 0 0 0 0 35 0 0 5 0 0 0 0 0 2 0 0 0 2 1 0 1 2 0 0 0 0 0 0 6 0 1 2 2 0 0 0 172821 0 20 0 0 1 0 0 0 0 0 0 0 0 0 0 1 0 0 2
286 GCC 0 0 0 0 0 21 0 0 0 0 0 0 0 0 12 1 0 7 0 0 1 0 0 4 0 0 0 0 0 0 0 0 0 3 0 0 0 173833 0 7 0 0 0 0 0 11 0 2 2 0 0 0 9 7 0 0 0 0 0 0 0 0 1 0
287 AGT 0 0 0 29 0 0 0 1 3 12 2 173489 0 0 0 4 0 0 0 0 0 0 0 0 0 0 0 28 0 0 0 0 0 0 0 0 0 0 0 0 0 0 0 17 0 0 0 0 0 0 0 0 0 0 0 0 0 0 0 3 0 0 0 0
288 GGC 0 0 0 0 0 0 0 0 0 6 0 2 0 0 1 0 0 0 0 0 0 0 0 0 0 1 0 0 0 3 0 0 0 12 0 0 0 0 0 0 13 173791 2 16 0 1 0 0 0 0 0 0 0 0 3 0 2 0 0 0 0 0 0 1
289 TAC 0 5 17 0 0 3 24 0 0 0 6 0 0 0 0 0 0 319 0 0 0 0 0 0 2 59 3 2 1 0 0 0 0 0 0 0 9 22 0 1 1 10 0 1 3 5 0 0 2 173170 0 99 7 2 4 0 0 13 0 1 0 1 25 0
290 GAC 0 27 0 0 0 0 0 0 0 0 0 0 0 0 0 0 0 0 6 0 1 1 0 0 0 1 4 0 0 0 0 0 1 173492 2 9 0 0 0 0 0 10 1 0 0 1 0 0 0 6 0 0 0 4 0 0 0 0 1 0 0 1 0 1
291 TTC 0 0 0 0 0 0 0 0 0 0 0 0 0 2 0 0 0 0 2 0 4 0 1 0 0 1 0 1 0 11 2 0 0 0 0 0 0 0 0 2 0 2 0 0 0 3 1 0 0 0 0 2 0 16 0 0 0 0 0 1 0 173451 0 11
292 GAA 17 0 0 0 13 0 0 0 0 0 7 0 0 0 0 0 1 0 26 0 0 0 1 0 0 0 0 0 0 0 23 1 171178 0 15 0 1 10 0 7 21 0 2 0 0 23 0 30 0 0 0 0 0 4 0 0 0 14 0 0 0 0 0 10
293 AAA 171896 3 140 0 0 0 0 0 8 0 0 0 0 0 0 0 2 0 0 0 0 0 0 1 0 0 0 3 0 0 0 0 11 0 0 0 0 0 0 0 0 0 0 0 0 0 0 0 0 0 0 0 0 0 0 0 0 0 0 0 3 0 0 0
294 GAG 0 0 24 0 0 0 12 0 7 0 0 0 81 0 5 0 3 211 0 0 0 0 0 0 0 0 0 1 0 1 1 0 13 0 169645 11 0 0 5 3 1 1 78 4 0 1 13 0 0 0 5 0 1 7 3 6 0 0 0 6 0 0 1 2
295 GGA 0 0 0 0 0 0 0 0 5 0 0 0 0 0 0 0 0 0 0 0 0 0 0 0 0 0 0 0 0 0 0 0 12 0 0 0 0 0 0 0 145196 0 26 0 0 0 0 0 0 0 0 0 0 0 0 0 1 0 0 0 0 0 0 0
296 TAC 0 0 0 0 0 0 0 0 0 0 0 0 0 1 0 0 0 12 0 0 0 0 0 1 0 0 0 0 0 0 0 0 0 1 0 0 0 0 1 0 2 0 0 0 0 1 3 0 1 159590 0 11 0 1 0 0 0 20 0 0 0 0 0 0
297 TCT 0 0 0 0 3 0 0 0 0 1 0 8 0 0 1 0 0 0 0 0 0 0 0 3 0 0 1 1 0 0 0 0 0 0 0 0 0 0 0 0 0 1 0 0 0 0 0 0 2 0 2 3 3 14 54 143034 0 0 0 0 0 0 0 1
298 TTA 0 0 1 0 0 0 0 0 0 0 0 0 1 0 0 0 0 0 0 0 1 0 3 0 0 0 0 0 20 1 11 0 0 0 0 0 1 0 2 3 0 0 1 0 0 0 0 0 1 0 0 0 10 0 0 0 2 0 0 0 155671 2 28 0
299 GTG 0 0 0 0 0 0 1 0 2 0 0 1 0 0 4 0 0 0 0 0 0 0 0 0 2 0 2 0 0 0 0 0 0 0 0 0 1 0 5 0 0 0 0 1 21 10 156728 7 0 0 0 0 1 4 0 0 0 1 0 0 0 2 1 0
300 GGA 0 0 1 2 0 0 0 0 6 0 0 0 1 0 0 0 0 0 0 0 0 0 1 0 1 0 0 2 0 0 0 0 6 0 1 0 0 0 0 1 152089 14 35 20 1 1 1 0 0 0 0 0 1 0 0 0 2 0 0 0 0 0 2 0
301 ATA 1 0 0 0 11 0 0 0 0 0 20 0 153569 2 29 38 0 0 2 0 0 0 0 0 0 0 1 3 2 0 0 0 0 0 0 0 0 0 2 0 0 0 0 1 4 18 5 0 1 0 0 4 0 0 0 0 0 3 36 0 0 0 0 0
302 GAC 0 16 0 1 0 0 0 0 2 0 1 0 0 0 1 0 11 3 0 0 0 2 0 2 0 1 1 0 0 0 0 0 6 147803 7 9 13 1 3 0 0 12 1 0 0 0 1 0 0 4 1 0 0 2 0 0 0 0 1 0 0 0 0 0
303 CCT 0 0 0 0 0 0 0 0 0 0 0 0 0 0 12 0 1 0 0 9 5 41 9 154029 0 0 0 0 1 0 0 1 0 0 1 0 0 0 0 0 0 1 1 14 0 0 0 0 0 0 0 0 0 0 0 7 0 0 0 0 0 0 1 0
304 TTC 0 0 11 0 0 0 1 0 0 5 0 0 0 0 1 1 0 1 0 0 0 1 0 0 0 0 0 0 0 8 0 0 0 0 1 0 8 3 20 1 1 0 3 0 7 1 3 10 0 0 0 1 0 12 0 1 0 0 1 0 1 155804 1 14
305 AAA 155104 2 10 0 1 2 0 0 17 0 5 1 0 0 0 1 1 0 1 1 1 0 0 0 0 2 0 0 0 0 0 0 20 0 0 0 0 0 2 1 1 0 0 0 0 0 0 0 0 0 0 1 0 13 0 0 2 2 0 0 0 1 2 0
306 CTG 1 0 0 0 0 0 0 0 0 1 1 0 8 0 3 0 2 0 2 0 1 1 5 0 0 2 1 0 85 0 142104 8 0 0 0 0 0 0 2 0 1 0 9 0 0 0 7 0 7 0 0 0 0 0 0 0 0 0 1 0 0 0 62 0
307 CTT 0 0 8 0 0 0 0 0 0 1 0 0 0 1 0 1 0 2 0 5 0 0 0 11 0 0 2 4 37 224 6 153682 0 0 0 0 0 0 2 0 0 0 0 0 0 1 1 3 3 0 0 0 1 0 0 0 0 0 0 2 0 1 1 8
308 CAA 4 0 0 0 1 3 0 0 0 1 5 1 0 7 0 0 172843 3 14 1 4 2 0 0 16 0 0 0 0 0 0 0 2 0 0 0 0 1 0 1 0 0 0 0 0 0 0 0 4 0 1 0 0 4 1 0 0 2 0 0 0 0 7 0
309 AAC 8 173386 8 24 0 27 7 1 6 76 35 0 0 1 2 0 0 3 0 1 0 1 1 8 61 2 24 0 1 0 7 0 2 6 1 0 0 2 1 0 2 0 10 56 0 1 2 0 0 0 0 0 0 2 3 5 3 0 0 0 0 0 17 0
310 AGC 0 32 1 0 0 5 3 0 3 173443 0 24 0 2 1 1 0 0 2 0 0 0 12 0 0 1 0 0 0 1 0 0 0 0 0 0 1 78 45 14 1 14 4 0 8 0 0 0 2 0 1 0 7 0 9 12 0 161 1 33 0 0 0 0
311 CAA 3 25 12 0 10 0 24 285 31 8 11 0 0 0 0 1 173346 1 11 2 1 0 1 0 153 0 3 2 1 0 3 0 0 0 0 1 0 0 1 0 0 0 2 3 1 0 0 0 5 0 3 0 0 6 4 0 1 1 0 0 0 0 1 0
312 GTA 0 0 7 1 0 0 0 3 1 0 0 0 16 0 0 5 0 0 0 1 1 1 1 0 0 3 0 0 1 0 5 0 3 1 1 0 9 0 3 1 2 1 1 0 173783 17 25 10 0 0 0 0 0 0 0 0 0 0 1 0 1 0 0 0
313 TAC 0 5 0 0 1 0 4 0 0 0 0 0 0 0 0 0 0 12 3 0 0 0 1 0 0 0 1 20 0 0 2 0 0 0 0 1 0 1 0 2 1 6 0 1 1 0 2 3 1 173334 2 96 0 4 1 0 0 21 0 0 0 0 0 0
314 AGC 0 13 1 0 1 1 0 0 3 173488 9 51 0 2 0 0 0 0 2 0 0 0 0 0 2 4 5 0 0 0 0 0 0 0 1 0 3 1 2 1 4 37 0 0 0 0 0 2 0 0 0 0 0 6 3 5 0 9 0 10 0 0 1 0
315 CTA 1 0 0 1 1 1 0 0 0 0 0 0 5 0 2 2 0 0 1 5 33 2 0 0 1 0 1 1 173540 20 21 2 0 0 4 2 0 0 0 1 0 3 0 0 2 0 2 1 0 0 1 0 0 2 0 0 5 2 1 1 32 0 3 2
316 ATC 0 0 0 0 0 7 0 1 0 0 4 1 2 173423 5 24 0 0 1 0 0 2 1 0 0 1 0 1 172 1 1 0 0 0 0 0 1 0 2 0 0 0 0 0 0 7 2 9 2 0 0 0 0 0 7 0 0 2 0 2 1 1 11 0
317 AGA 13 5 1 0 3 0 0 0 173745 0 70 0 1 0 2 0 5 1 0 0 0 0 0 0 2 0 0 0 0 0 0 0 0 0 0 0 0 0 0 0 63 0 0 0 1 0 0 0 0 0 0 0 0 0 0 0 4 0 1 0 0 0 0 8
318 CCG 0 0 1 1 0 0 3 0 0 0 1 1 9 1 1 0 0 1 7 0 61 34 173162 3 0 1 5 7 1 0 8 0 0 0 9 0 1 0 3 2 5 0 1 0 0 0 1 1 0 0 1 0 1 0 20 1 0 0 1 0 0 0 1 0
319 AAC 2 173122 25 49 0 3 0 1 20 15 15 6 0 0 0 0 3 2 0 0 0 3 1 0 41 1 0 4 0 2 0 0 0 20 1 2 0 4 0 0 77 75 45 60 0 0 0 2 0 0 0 0 3 2 1 3 1 1 0 0 9 3 4 0
320 GAG 0 0 4 0 4 0 0 0 0 0 0 0 0 0 0 0 3 1 0 0 0 0 0 0 2 0 0 0 1 0 0 0 18 1 173547 3 4 0 5 0 2 2 16 1 0 0 1 0 0 0 4 0 0 0 1 0 0 1 0 0 1 1 0 1
321 AAT 1 10 1 173751 0 0 1 2 0 0 3 14 4 1 0 1 0 3 0 0 0 1 0 0 0 0 2 1 0 4 0 0 0 0 0 7 2 0 0 0 29 0 0 3 1 0 1 0 1 0 0 0 1 0 2 2 0 3 1 4 1 0 0 0
322 CCA 0 10 0 1 1 0 6 0 0 0 0 0 1 2 0 0 3 1 0 2 173653 35 124 5 0 8 1 0 10 1 3 1 0 0 5 0 0 0 1 1 2 0 6 4 1 0 0 1 1 1 13 0 17 0 0 0 1 1 0 0 0 0 0 1
323 GCA 0 1 0 1 32 1 0 0 1 3 3 205 10 6 0 0 11 1 2 0 4 0 0 1 2 13 7 12 0 6 0 5 2 5 0 0 173418 2 3 0 3 0 2 0 41 1 2 0 1 0 0 4 1 0 1 0 0 0 4 0 7 0 0 1
324 CAC 0 2 0 1 1 0 0 0 0 0 0 0 1 0 0 0 8 173737 0 17 0 3 2 0 0 9 0 2 0 0 0 0 0 0 0 0 0 0 0 0 0 0 1 0 0 0 0 0 0 9 0 0 0 7 0 1 0 0 0 0 2 0 0 0
325 AAG 6 0 173873 2 0 0 6 0 0 0 25 0 0 0 4 0 0 0 0 10 0 0 0 0 0 0 0 0 0 0 0 0 0 0 24 0 0 0 0 0 0 0 0 0 0 0 0 0 0 0 1 0 0 0 0 0 0 0 0 0 0 0 0 0
326 AGT 0 0 0 15 0 0 0 1 1 16 1 173898 0 0 0 1 0 0 0 0 0 0 0 0 0 0 0 1 0 0 0 0 0 0 0 0 0 0 0 0 0 0 1 7 0 0 0 0 1 0 0 0 0 0 0 0 0 0 0 1 0 0 0 0
327 CAG 0 0 1 0 0 0 0 0 0 0 0 0 0 0 0 0 18 1 173783 2 2 0 3 0 1 1 27 0 0 0 0 0 0 0 0 0 0 0 0 0 0 0 0 0 0 0 0 0 0 2 9 0 0 0 0 0 0 0 0 0 0 0 0 0
328 CTG 1 0 0 0 1 2 1 0 1 2 0 0 1 4 5 1 0 0 2 0 1 0 4 0 1 2 6 2 48 0 173765 1 0 0 1 0 0 0 0 0 1 0 5 1 17 1 0 1 2 0 4 0 0 0 0 6 0 0 1 0 5 0 77 0
329 GTG 0 0 1 2 0 3 2 0 0 0 0 1 2 0 9 2 0 0 7 0 0 0 0 0 0 1 2 0 0 0 0 0 3 0 2 0 0 0 10 0 0 0 1 0 36 7 173868 46 2 0 0 0 0 0 1 0 0 0 1 0 4 0 0 1
330 TGG 0 0 2 0 0 0 0 0 0 0 0 0 0 1 0 0 0 0 0 0 0 0 0 0 0 0 6 0 0 0 0 1 0 0 0 0 0 0 0 0 0 1 5 2 0 0 0 0 2 0 29 1 0 5 2 0 17 0 173901 2 0 0 4 1
331 ATG 0 0 2 3 0 0 14 0 2 0 6 1 13 0 173712 1 1 0 0 0 0 2 1 1 0 1 0 0 1 0 1 1 0 0 3 0 0 0 1 2 1 0 0 0 0 0 18 1 0 0 0 0 0 1 0 0 0 0 2 36 0 0 1 0
332 GCA 0 0 1 0 40 0 0 0 0 1 3 0 1 2 0 0 0 1 0 1 0 4 0 0 2 0 3 0 1 0 0 0 0 1 0 0 172929 1 21 21 2 0 2 1 18 2 0 0 3 1 2 0 5 0 0 0 0 0 0 0 3 0 0 0
333 TGC 0 0 0 0 0 0 0 0 0 1 0 1 3 0 0 0 0 3 11 0 1 4 0 0 1 26 0 0 0 2 0 0 0 0 0 0 0 0 0 1 0 1 4 1 3 2 0 2 4 38 3 0 0 0 0 0 6 173339 2 304 0 2 1 0
334 AAT 0 9 4 173623 0 0 0 2 0 0 0 6 0 0 110 1 0 3 1 52 0 1 0 0 0 0 0 0 0 0 12 0 0 0 0 11 0 0 0 0 3 0 59 0 0 2 0 0 0 5 40 17 0 0 0 1 3 0 0 1 0 4 1 7
335 TCT 0 0 7 0 0 0 1 1 0 11 1 0 0 2 0 0 0 0 1 0 0 0 2 15 0 0 0 2 0 0 0 3 0 0 0 1 2 0 23 0 3 2 12 5 1 1 2 0 0 0 0 3 234 28 7 260009 0 2 4 5 0 2 15 2
336 GCT 0 0 0 0 1 0 0 103 0 0 1 2 0 0 0 0 3 0 0 0 0 4 0 1 0 0 0 0 12 39 20 11 1 1 0 10 2 87 20 259550 4 0 8 2 1 0 0 29 2 0 2 0 0 2 0 10 0 0 0 1 97 0 90 1
337 GCA 0 0 0 0 38 0 0 0 0 1 0 7 1 0 1 0 0 1 0 0 54 0 1 0 0 0 0 0 0 0 0 0 2 0 1 2 259714 0 18 27 4 0 1 10 27 0 0 1 1 0 0 1 2 1 0 3 3 0 1 4 3 0 0 1
338 TTT 0 1 1 0 0 0 0 0 10 0 0 0 0 1 0 2 0 0 0 0 0 0 0 1 0 0 0 0 0 0 0 4 1 0 0 0 0 0 3 1 1 1 3 1 1 0 0 109 0 0 0 0 0 0 1 13 0 0 3 1 4 55 1 259831
339 GAA 9 0 0 0 0 0 0 0 0 0 0 0 0 0 0 0 0 0 0 0 0 1 0 0 0 0 0 0 0 13 0 0 259802 9 103 203 2 0 2 1 35 0 0 0 0 0 0 0 1 0 0 0 0 0 0 0 1 0 0 0 0 0 0 0
340 GAT 0 1 0 30 7 0 0 0 1 3 3 0 1 0 0 4 0 0 0 3 0 0 0 0 1 0 0 1 0 0 0 0 1 24 0 260362 0 1 0 0 0 0 1 28 0 0 0 1 0 0 3 0 1 1 0 1 0 0 0 0 0 0 0 0
341 CTA 0 0 0 0 0 0 0 4 0 0 0 0 2 28 0 0 0 0 1 0 35 1 3 0 12 2 0 0 260283 14 23 1 0 10 0 0 1 0 0 0 0 1 0 1 6 0 0 0 0 1 0 0 0 0 0 0 0 0 0 0 3 0 0 0
342 AGA 17 0 6 0 0 0 0 0 259826 1 41 2 4 0 0 0 0 0 0 0 0 0 2 0 5 22 0 0 0 0 0 0 1 1 0 5 0 0 0 0 11 6 3 7 0 3 0 6 0 1 0 0 0 0 0 0 2 0 21 0 0 0 0 0
343 GTA 0 3 1 0 0 0 0 2 0 0 0 0 202 0 0 1 0 1 1 0 1 0 0 1 0 0 0 0 0 0 0 1 1 0 0 0 21 0 0 0 0 0 16 1 260111 13 40 2 0 0 1 0 0 1 0 0 0 1 0 0 1 0 0 0
344 TTA 0 0 0 0 1 4 0 4 0 3 1 0 2 3 0 1 0 1 0 0 1 0 0 0 0 1 0 0 11 4 0 2 0 1 0 0 0 0 0 0 0 0 2 0 0 6 0 0 0 0 0 0 26 1 0 3 0 0 2 0 260190 1 91 0
345 AGC 0 14 0 0 0 15 0 2 4 259556 0 37 2 3 0 0 0 0 0 0 0 0 1 0 0 1 0 2 0 0 0 0 0 6 2 0 0 0 0 0 0 11 1 0 1 1 4 1 1 0 0 0 22 33 13 0 0 5 4 0 0 0 0 0
346 TTC 0 0 1 0 0 1 0 0 0 0 0 0 0 4 6 5 0 0 0 0 0 4 0 0 0 0 0 0 0 7 8 0 0 0 0 2 0 7 1 0 0 0 1 1 1 1 2 0 0 0 0 0 0 36 0 0 3 3 1 0 5 259277 0 162
347 ATC 0 0 0 0 0 8 0 1 1 3 1 0 3 259224 21 10 0 0 1 0 0 0 0 0 0 0 0 0 0 37 0 0 0 0 0 0 0 0 0 0 0 0 0 0 0 19 7 0 0 0 0 0 0 0 0 0 0 0 245 0 0 0 0 0
348 AGA 14 0 0 0 0 2 0 0 260042 1 105 1 2 0 0 0 0 0 0 0 0 0 0 0 3 0 1 2 0 0 3 0 0 0 0 2 0 5 0 3 40 1 0 0 0 1 1 0 3 0 0 0 0 0 0 2 3 0 0 0 0 1 0 0
349 GGG 0 0 0 0 0 0 0 0 0 0 16 0 0 0 0 0 0 0 0 0 0 0 0 0 0 0 2 0 0 0 0 0 0 0 13 0 0 0 0 0 36 2 259892 1 0 0 2 0 0 0 0 0 0 0 1 0 0 0 3 0 0 0 0 1
350 ACC 0 6 0 0 11 259135 66 11 14 0 0 16 0 10 32 2 0 2 0 2 0 3 3 0 1 5 2 15 0 3 0 2 0 0 0 0 6 48 13 0 0 4 3 1 0 0 2 0 0 0 0 0 40 6 16 0 0 0 58 0 0 10 0 0
351 AAA 259860 17 135 6 3 0 1 0 10 0 0 0 0 0 0 0 5 11 0 0 0 1 0 0 0 0 0 0 0 2 0 0 19 0 0 0 0 3 0 2 0 5 0 0 0 0 0 0 1 0 4 1 0 0 0 0 0 2 0 2 0 0 0 0
352 GTA 0 0 0 0 0 0 0 0 0 0 0 0 21 0 0 4 0 0 0 0 3 0 0 0 0 0 0 0 0 1 0 0 1 0 1 0 21 0 0 1 1 0 0 0 260377 46 32 1 1 0 0 0 0 0 0 0 0 0 0 0 4 0 3 0
353 TCC 0 0 0 46 0 0 0 0 0 0 27 0 0 0 5 0 0 242 0 280 0 166 0 0 572 0 1 0 4 48 0 7897 0 0 1 0 1 0 0 0 0 0 0 0 0 0 0 0 0 37 0 0 1 250683 1 11 0 1 0 1 9 205 0 67
354 CCA 0 0 0 0 4 0 0 1 5 0 3 0 0 1 0 0 1 0 0 0 260203 4 16 0 2 0 0 0 3 0 0 0 1 0 0 0 8 1 0 0 0 12 0 0 0 0 0 2 3 0 0 0 7 0 0 0 9 1 0 0 0 0 0 0
355 AGG 0 0 17 0 0 0 2 0 23 0 260121 3 0 0 46 0 0 0 0 0 0 0 0 0 0 0 2 0 0 0 0 0 0 0 0 0 0 0 0 0 0 0 24 0 0 0 0 0 0 0 0 0 0 0 0 0 0 0 1 0 0 0 0 0
356 GGG 0 0 0 0 0 2 0 0 0 0 8 0 0 0 0 0 0 0 0 0 0 0 0 0 0 0 0 0 0 0 0 0 0 0 14 3 0 0 0 0 32 0 256187 1 0 0 0 0 0 0 0 0 0 0 0 0 0 1 0 3 0 0 0 0
357 AAA 258724 3 21 1 0 2 0 0 14 1 1 0 0 0 0 0 0 3 0 0 0 0 0 0 0 0 4 0 0 0 0 0 61 0 0 0 0 0 1 0 0 0 0 0 0 0 0 0 0 0 2 0 0 0 0 0 0 3 0 2 1 0 0 1
358 CTT 0 0 0 0 0 0 0 1 1 0 0 0 0 0 0 1 0 0 0 2 0 0 0 12 0 0 0 3 8 30 3 260118 0 0 0 0 0 0 0 1 1 0 0 0 0 0 2 0 0 0 0 0 0 0 0 0 0 0 0 0 0 0 0 16
359 TCC 46 3 0 0 2 1 0 1 0 19 4 0 10 6 0 0 19 0 0 1 0 32 0 0 0 31 605 37 0 0 0 3 2 0 2 0 9 4 0 0 0 0 1 0 0 0 0 6 0 0 0 1 2 259398 53 10 0 3 0 0 1 15 36 0
360 ACT 0 1 0 5 4 56 0 260348 0 0 0 0 1 0 0 4 0 0 2 0 0 0 0 1 0 0 0 0 0 0 0 0 0 0 0 0 0 0 2 8 0 0 0 0 2 0 0 1 1 1 0 2 10 0 2 2 0 0 1 0 0 0 0 0
361 AGA 16 0 0 0 0 0 0 1 260331 2 33 1 6 1 0 0 0 0 0 0 0 0 2 1 5 20 12 1 0 0 0 0 0 0 0 0 0 1 0 0 9 0 0 0 0 2 0 0 0 0 0 0 0 0 7 0 0 0 0 5 0 12 0 0
362 GGA 0 0 0 0 0 0 1 0 14 0 0 1 0 0 0 0 0 0 0 0 0 0 3 0 0 1 0 0 0 0 0 0 6 0 3 0 1 0 0 0 260219 37 90 2 3 0 1 0 0 0 0 0 0 1 0 0 10 0 0 0 0 0 0 0
363 GTA 0 0 0 0 0 0 0 1 0 0 0 0 38 0 1 1 0 0 0 0 3 0 0 0 2 0 19 0 1 0 0 0 0 0 1 0 32 0 1 1 2 0 0 0 260129 3 50 4 0 0 0 0 0 0 1 0 0 0 0 20 33 0 0 0
364 CAA 3 0 0 0 0 1 1 0 0 0 0 4 5 0 7 13 260229 3 79 3 5 1 3 0 18 0 0 0 1 1 1 0 0 0 0 1 0 3 0 0 4 0 8 3 0 0 0 2 10 0 0 0 0 0 0 1 1 0 1 0 1 0 14 1
365 ATT 0 0 0 2 0 1 0 8 0 0 0 0 0 19 0 260450 2 0 0 0 2 0 0 0 0 0 0 0 0 0 0 10 0 0 0 0 0 0 0 0 0 0 1 1 0 0 0 12 0 0 0 0 0 0 0 0 0 0 0 0 0 0 0 0
366 GCT 0 0 0 0 1 0 0 30 0 0 0 1 0 0 0 0 0 0 0 1 0 0 0 0 0 4 0 0 0 0 0 1 0 0 0 10 2 24 15 260194 0 0 6 0 0 0 0 16 0 0 0 0 2 0 1 4 0 0 0 1 0 0 0 3
367 TCA 0 7 0 0 4 13 0 0 0 28 1 0 0 1 0 1 0 0 0 0 21 0 0 0 0 0 0 0 0 0 0 0 0 0 5 0 2 25 7 0 1 3 16 1 3 4 0 0 3 4 0 0 260110 2 22 9 0 3 0 5 8 0 0 0
368 AAT 1 49 5 260091 0 1 9 0 2 0 0 14 3 0 6 2 6 12 0 13 0 0 2 0 2 1 0 1 2 0 0 0 25 2 53 33 0 8 0 23 13 25 11 0 1 5 3 0 0 0 0 0 7 2 1 0 0 1 6 0 2 1 15 0
369 GAA 16 0 0 2 0 0 0 1 0 0 0 1 0 0 0 5 4 0 0 0 0 0 2 0 2 0 1 0 0 2 0 1 260377 3 9 1 0 1 0 0 16 0 1 0 0 0 1 7 0 0 2 3 0 0 0 1 0 0 0 0 0 1 0 0
370 AAC 8 260170 0 6 0 10 0 0 1 20 2 0 0 0 0 1 0 5 3 0 0 0 1 0 0 0 2 2 0 0 0 5 0 7 37 0 0 9 0 0 3 0 0 0 0 3 0 12 4 0 0 0 0 0 0 0 0 6 3 5 4 0 1 0
371 ATG 0 0 1 0 0 0 15 0 0 0 6 0 44 0 260193 34 0 2 2 0 0 1 0 0 0 0 1 0 0 3 17 0 0 4 0 4 0 0 0 0 1 0 0 2 0 1 15 0 0 0 2 0 0 0 0 0 0 0 1 1 0 0 7 0
372 GAT 0 1 0 28 0 0 3 0 1 0 0 0 0 0 0 0 0 0 1 0 1 0 0 0 2 0 0 0 0 0 0 0 1 11 1 259600 0 0 2 2 0 0 0 26 2 0 0 3 0 0 0 0 0 0 0 1 0 1 0 0 1 1 0 0
373 GCT 0 3 0 0 0 0 1 42 3 0 0 0 0 0 0 0 2 1 0 0 0 0 1 1 2 1 3 4 0 0 1 0 0 0 7 8 2 69 26 260033 45 0 2 0 1 2 2 23 0 2 1 2 0 0 0 14 0 2 0 6 10 2 8 1
374 ATG 0 0 0 0 0 0 13 0 0 0 0 1 48 0 260203 7 0 1 0 0 4 0 0 0 0 0 1 0 0 2 1 0 1 0 0 0 0 0 0 1 0 0 1 0 0 0 18 1 0 4 0 2 0 0 0 0 0 0 1 1 0 3 2 0
375 GAA 18 6 0 0 0 2 0 0 0 1 0 0 0 1 17 2 5 0 7 0 0 0 1 0 0 0 2 0 0 0 2 0 257873 47 29 0 7 0 1 4 23 0 1 0 0 2 70 0 2 0 1 0 0 1 1 2 0 4 0 1 0 1 0 21
376 TCA 0 0 0 0 3 0 0 0 0 0 1 0 0 0 0 0 1 0 0 0 10 0 0 0 0 0 0 0 0 0 0 3 0 2 0 0 1 2 5 0 3 3 1 3 0 0 6 0 3 0 0 0 228051 2 30 2 0 0 1 2 5 2 0 0
377 AGT 0 10 0 25 0 0 0 11 11 38 8 256182 1 4 150 9 0 11 0 0 0 0 2 0 3 5 31 0 11 1 22 0 0 0 0 0 1 0 4 2 0 1 4 18 2 0 41 0 0 0 0 0 9 0 57 7 0 0 1 88 0 0 0 4
378 ACT 4 0 1 7 37 19 3 228236 1 7 9 4 0 0 3 19 0 0 0 2 1 0 0 1 7 107 0 16 0 0 0 0 2 0 3 0 2 2 0 13 0 3 1 1 1 0 2 0 0 0 0 1 10 0 2 9 1 0 2 0 0 0 2 5
379 CTT 0 0 0 0 0 0 0 0 0 0 4 0 1 0 0 7 2 1 0 4 0 1 0 36 0 0 0 3 0 84 0 234685 0 0 1 0 1 2 0 0 1 1 7 0 0 0 3 1 0 0 1 0 0 0 0 2 6 0 1 0 0 1 1 5
380 GAA 18 0 0 0 0 0 0 0 1 0 0 0 0 0 1 0 0 0 0 0 0 6 0 0 0 0 0 0 0 0 0 0 256563 4 23 1 0 0 34 0 9 1 1 2 1 0 1 1 2 0 0 1 0 0 0 1 2 0 0 1 0 0 1 1
381 CTG 1 3 0 0 0 0 0 0 0 0 0 1 0 0 4 0 0 2 4 0 1 0 15 0 0 41 2 1 21 3 254374 8 3 0 17 1 0 1 0 0 86 0 2 0 0 8 2 1 0 2 1 0 0 0 0 0 0 0 1 0 34 0 10 0
382 AGA 25 1 3 0 2 0 1 0 255645 2 477 2 11 0 0 11 4 1 0 0 1 0 0 0 5 16 0 4 0 0 0 0 0 0 0 0 0 0 0 0 23 2 8 0 1 0 0 2 1 1 0 1 1 0 0 5 10 1 0 0 4 0 1 0
383 AGC 0 24 3 0 0 0 2 2 4 250318 2 77 0 1 0 2 5 0 0 2 0 2 0 0 0 5 0 0 0 3 0 1 4 7 1 0 4 1 41 15 0 14 1 0 0 0 1 4 0 0 0 0 0 4 26 0 0 3 0 0 2 0 0 0
384 AGG 5 1 21 0 0 0 0 4 50 14 250131 1 0 0 5 0 0 0 0 0 0 0 1 0 2 0 92 1 0 0 0 0 0 0 0 1 0 0 1 1 1 0 79 1 0 0 0 3 0 0 2 0 0 1 0 5 0 1 5 0 0 0 1 0
385 TAC 0 0 0 0 0 2 0 0 0 0 0 0 0 1 5 0 0 30 0 1 0 1 0 0 0 0 2 0 2 1 0 3 0 2 0 0 0 1 0 1 0 3 1 1 0 0 11 1 9 239385 2 33 3 0 0 0 0 16 0 3 0 1 1 0
386 TGG 0 0 3 0 0 0 0 0 0 0 9 0 4 0 0 0 0 0 2 3 0 1 0 0 0 0 28 0 0 0 0 0 1 0 0 0 1 0 2 0 0 0 0 0 0 0 0 1 0 0 13 5 0 0 3 1 14 0 219737 5 0 0 3 0
387 GCC 0 0 0 0 0 76 15 0 0 0 0 2 0 0 0 0 0 0 0 0 0 0 2 0 0 0 0 0 0 0 3 0 0 3 0 8 5 214131 7 24 0 3 8 0 0 29 1 2 0 0 0 9 0 2 0 0 0 0 0 0 0 0 0 0
388 ATA 1 1 5 0 33 0 0 0 11 0 4 2 239217 0 111 9 0 0 0 0 0 0 0 2 1 0 0 0 2 0 1 0 0 0 1 0 1 0 0 0 1 0 1 0 29 0 1 1 1 0 0 0 0 0 0 0 1 0 0 0 4 0 2 0
389 AGA 20 0 0 0 0 1 0 1 215299 0 23 0 2 0 0 0 0 0 0 0 0 0 0 0 7 0 1 0 0 0 0 2 0 1 0 0 0 0 1 0 22 0 0 0 0 1 0 2 0 0 0 0 0 0 0 0 5 0 0 0 0 2 0 0
390 ACC 1 1 0 0 4 206731 13 12 2 2 0 1 0 3 0 0 0 0 0 0 0 5 0 0 0 0 0 2 0 0 0 0 1 1 0 0 0 8 0 0 0 1 0 2 0 3 0 0 1 6 0 0 0 0 0 0 0 0 0 0 1 0 0 0
391 AGA 57 0 1 0 0 7 0 0 212464 0 23 2 8 3 0 0 2 0 0 0 0 0 0 0 4 6 20 0 0 2 1 0 1 0 1 0 0 0 2 0 17 0 13 0 1 0 0 1 0 0 2 0 1 0 0 0 2 0 3 0 0 0 22 0
392 AGT 0 1 0 21 0 0 0 1 2 8 7 246178 0 0 0 2 1 0 0 0 0 3 0 3 1 2 1 2 1 0 0 2 0 0 0 0 4 0 0 1 2 0 3 10 0 2 0 0 0 3 0 1 4 0 2 13 1 12 1 0 0 1 0 0
393 GGA 0 0 0 0 0 1 0 0 29 0 0 0 0 0 0 0 0 0 0 1 0 6 0 2 1 0 0 0 0 0 0 0 8 0 0 0 0 0 2 0 259771 22 111 6 1 0 2 0 0 0 5 0 0 0 2 0 3 0 1 0 0 0 0 0
394 GGA 0 0 0 0 0 5 0 0 22 0 1 0 0 0 0 0 1 2 0 0 0 1 0 0 0 1 0 0 0 0 0 0 21 0 0 0 1 1 2 0 259478 3 106 6 1 0 0 0 0 0 0 1 1 0 0 0 15 0 0 0 0 0 0 0
395 AAC 5 259545 23 25 0 2 2 1 7 18 1 1 0 3 0 2 0 56 0 0 0 4 0 0 7 1 12 68 0 0 0 0 0 12 0 0 0 1 1 0 4 1 8 0 1 2 1 6 0 0 3 6 0 6 2 0 5 3 0 17 0 0 0 4
396 ACT 3 14 14 18 7 50 12 259023 9 30 14 0 1 2 2 40 6 134 6 1 2 2 0 9 30 1 10 27 4 17 11 0 2 0 0 0 230 3 7 26 0 0 2 10 15 2 10 49 1 6 3 1 2 0 2 4 1 38 13 5 0 0 2 12
397 AAT 10 41 5 259740 2 3 0 4 44 3 35 15 0 0 0 77 8 33 38 5 0 0 3 0 1 11 30 0 0 4 7 1 1 0 1 9 0 0 28 4 2 0 5 2 3 5 0 0 2 0 0 4 0 0 7 0 0 0 2 30 4 5 0 0
398 CAA 32 0 17 9 0 17 0 0 14 12 42 8 3 16 0 4 258983 51 17 30 2 0 2 1 108 31 0 0 0 0 0 2 1 16 1 1 0 2 2 0 2 6 2 4 41 13 0 0 13 1 0 9 0 1 5 1 0 0 23 7 0 0 1 0
399 CAG 18 4 409 0 4 16 2 11 0 12 53 0 1 4 0 7 18 1 258185 5 7 55 8 11 0 0 781 83 3 0 4 1 0 2 1 0 0 0 10 18 10 3 113 220 0 20 0 0 0 0 17 5 0 4 0 3 4 4 0 26 9 3 0 6
400 AGG 0 0 25 0 0 0 0 0 14 0 258941 6 0 0 21 0 2 44 2 0 0 4 1 0 0 13 8 0 1 0 0 0 1 0 0 0 0 0 3 0 5 0 72 0 0 0 0 0 0 0 4 0 0 0 0 1 0 0 17 0 0 0 1 0
401 GCC 0 2 24 0 0 190 4 0 0 3 39 9 0 0 0 0 4 51 26 25 0 14 4 0 60 16 5 11 0 0 0 0 4 1 0 0 11 259466 30 10 14 9 31 2 0 29 0 0 0 0 2 1 15 10 0 0 1 0 1 4 5 0 6 0
402 TCT 0 0 52 0 0 0 0 3 0 9 6 7 3 0 22 0 6 2 0 8 44 16 1 56 3 0 20 55 1 1 0 2 0 16 5 8 0 0 0 83 0 2 5 0 1 1 1 0 1 0 0 5 4 82 23 259706 0 5 0 2 2 0 0 8
403 GCA 11 0 1 0 63 0 12 3 0 1 13 5 2 0 2 0 0 2 1 3 1 0 1 0 1 1 4 7 1 0 1 0 5 0 0 0 259653 28 122 3 11 11 15 1 126 0 0 0 0 1 1 0 4 1 3 0 0 1 1 2 0 1 0 1
404 GGT 0 0 0 0 0 17 0 2 3 0 0 21 0 1 0 6 0 0 0 1 0 1 0 1 0 0 0 0 0 0 2 0 0 1 0 20 2 1 29 4 48 260 230 259381 1 1 2 5 0 0 8 0 5 0 3 4 0 1 0 10 5 0 0 0
405 CAA 1 0 0 0 1 0 0 0 0 0 0 2 1 0 2 0 260069 0 30 6 3 0 0 0 23 0 0 0 2 0 0 1 0 0 0 0 0 1 1 1 0 0 0 0 0 0 0 0 7 0 0 0 0 3 0 0 1 0 0 0 0 0 1 0
406 ATC 0 10 2 0 0 60 14 0 0 1 0 3 2 260123 0 14 0 0 0 0 0 14 0 3 0 0 0 0 0 0 0 0 0 0 1 0 0 0 0 0 0 0 0 1 1 13 3 0 0 0 0 0 0 12 29 0 0 0 0 0 0 3 14 0
407 AGT 0 0 0 27 0 0 0 0 1 21 0 260020 0 0 0 0 0 0 0 0 0 0 0 0 0 0 0 4 0 0 0 0 0 0 0 0 0 0 0 0 0 16 0 50 0 0 0 0 0 0 0 0 1 0 2 0 0 2 0 6 0 0 0 0
408 GTG 0 0 0 0 20 0 0 0 0 0 0 0 0 0 29 0 0 0 0 0 0 0 0 0 0 0 0 0 0 10 1 0 0 0 2 0 0 4 16 0 0 0 1 0 139 0 259911 1 0 0 1 0 0 0 0 0 0 0 0 0 0 0 3 0
409 CAA 3 1 0 0 1 0 0 120 0 2823 0 46 1 0 3 21 256660 10 17 1 3 0 4 0 7 0 1 0 1 0 0 2 1 0 0 0 12 0 26 43 19 2 7 0 6 0 15 0 108 13 0 3 0 0 4 0 0 0 41 36 3 0 2 0
410 CCT 0 0 0 0 0 0 0 2 0 0 0 12 0 0 0 0 0 0 0 20 37 217 182 259669 0 0 0 0 0 0 0 8 0 0 0 0 17 1 12 0 1 1 5 1 0 0 0 0 0 0 0 0 0 0 0 48 0 0 0 4 0 0 0 0
411 GCA 1 0 0 0 192 111 1 2 0 2 0 0 0 0 0 0 0 0 1 0 1 0 0 0 0 0 0 0 0 2 0 0 3 0 0 1 259769 4 11 6 1 4 1 1 34 0 2 7 0 0 0 0 6 4 0 0 1 15 0 53 0 1 0 0
412 TTT 0 0 0 0 0 0 0 0 0 0 0 0 0 0 2 10 0 0 0 0 0 0 4 0 1 0 10 1 4 0 16 17 0 0 0 0 0 0 0 0 13 1 0 4 1 0 5 2 1 0 0 1 0 0 0 7 0 0 0 4 1 12 35 258874
413 TCT 1 10 3 1 0 0 0 4 0 0 0 0 1 0 1 0 0 0 0 0 0 2 3 71 0 0 0 6 0 0 2 0 0 13 0 0 5 1 1 1 5 5 1 6 1 0 1 1 2 1 0 2 83 80 8 259884 0 0 1 3 1 0 0 11
414 GTG 0 0 3 0 1 0 42 1 0 1 0 0 0 0 52 0 0 0 0 0 0 0 2 0 0 0 0 0 0 13 25 0 0 0 1 0 2 1 35 1 0 4 9 2 115 8 259505 6 0 0 0 3 0 0 1 0 0 1 1 43 0 0 4 1
415 CAA 5 0 0 0 7 1 0 216 6 4 9 17 0 0 3 0 259327 8 63 2 0 7 0 16 75 37 180 21 5 0 4 4 0 0 1 0 2 6 32 47 11 3 58 6 2 0 0 18 24 0 0 5 0 0 17 1 0 0 1 21 4 47 0 0
416 AGA 17 0 0 0 0 0 0 0 260187 1 29 3 7 0 0 0 0 0 0 1 0 0 0 1 11 0 4 0 0 0 0 0 0 0 0 0 0 0 2 0 19 0 0 6 0 0 0 1 0 0 0 0 0 0 0 0 1 0 2 0 1 8 0 0
417 AAC 91 257665 3 15 0 32 0 0 0 30 13 25 2 1 5 2 7 4 4 0 0 83 4 4 4 6 39 0 0 28 0 25 5 12 0 1 0 19 1 0 0 8 0 39 1 0 5 11 0 2 0 0 0 2 42 5 0 0 1 1 0 2 0 1
418 CTC 0 0 0 0 2 3 0 0 0 2 4 2 0 5 3 14 5 1 1 0 0 40 0 1 0 2 7 0 10 188725 3 8 0 0 0 0 0 0 0 7 0 0 0 0 0 0 18 0 0 0 0 0 0 0 0 0 1 2 0 0 5 12 1 2
419 CCA 3 0 0 0 1 0 0 1 0 0 7 4 0 1 2 0 1 0 3 0 188822 3 19 2 0 2 0 0 3 0 4 0 2 0 5 0 1 0 4 4 0 0 0 0 13 0 38 8 0 0 0 0 3 0 0 0 0 5 0 4 0 0 0 1
420 TTT 0 1 0 25 4 0 1 0 0 2 1 9 0 1 2 0 0 0 1 5 3 0 0 0 3 0 0 2 1 0 19 13 10 1 1 0 1 0 8 1 1 4 4 1 0 38 108 10 0 0 2 30 0 25 4 20 1 0 4 2 1 85 41 188738
421 GAC 14 9 0 0 1 1 0 0 3 0 3 17 37 11 5 1 0 1 1 0 0 0 0 0 0 0 0 4 1 6 3 0 4 188154 0 260 0 0 7 0 0 34 0 0 7 29 14 7 0 17 0 0 0 7 2 314 1 0 1 35 3 3 3 0
422 AAA 188995 26 25 1 3 0 0 5 16 15 0 4 3 0 0 2 2 0 1 1 0 0 2 0 1 2 55 3 0 7 0 0 19 0 2 1 5 5 17 1 0 0 23 11 5 0 0 2 2 4 1 0 0 1 1 3 0 0 0 0 0 2 1 3
423 CCA 0 12 6 0 4 1 1 6 9 103 41 0 0 1 0 6 4 3 59 3 187739 9 78 21 49 14 342 3 15 3 0 7 0 0 15 0 4 26 4 0 18 47 140 13 4 1 10 6 0 0 2 0 35 6 2 1 0 1 0 5 0 0 0 1
424 ACC 0 1 2 29 7 188460 7 6 2 2 2 23 0 21 0 8 0 16 2 0 0 5 2 1 3 3 8 3 3 0 3 2 0 24 0 4 0 31 115 6 2 4 1 5 10 24 1 38 0 9 0 1 1 4 16 52 0 0 4 2 3 0 1 2
425 ATC 0 0 0 0 0 11 1 0 0 1 1 0 4 188875 1 6 0 0 0 0 0 1 1 2 0 0 0 0 5 1 0 0 0 1 1 15 6 0 8 15 4 2 11 0 1 120 13 97 3 1 0 1 0 0 1 0 1 22 0 6 0 0 0 0
426 ATG 4 0 3 0 0 0 16 1 5 0 7 1 16 2 188417 42 2 1 1 0 0 0 0 0 0 0 2 0 3 11 8 10 0 0 4 2 5 0 0 3 0 0 0 2 0 0 49 4 0 2 0 0 3 1 2 0 0 2 0 34 0 0 3 2
427 GCA 1 0 1 2 38 0 0 32 7 23 3 8 0 2 340 17 0 19 7 4 8 0 19 0 2 0 14 2 8 9 0 0 13 0 0 2 187876 3 56 0 7 3 77 33 54 2 2 0 0 0 0 6 0 0 51 155 0 2 3 0 4 0 0 6
428 GCA 0 0 1 3 124 0 2 0 0 3 0 0 0 0 10 0 0 23 16 0 0 0 2 3 3 1 6 4 0 0 0 0 6 0 0 0 188258 6 17 15 2 2 4 7 26 0 6 0 0 0 0 13 3 0 5 5 0 1 0 56 1 31 0 0
429 TTC 0 0 1 0 9 0 0 0 2 4 1 0 0 1 3 10 0 0 0 2 0 3 0 2 1 0 6 0 0 13 0 5 0 1 3 3 0 0 1 0 0 2 7 0 2 2 17 1 1 11 0 11 0 19 0 0 5 0 12 4 4 188964 7 31
430 ACT 8 0 1 26 10 48 8 188203 0 0 17 16 5 2 0 9 0 0 0 8 2 24 0 6 0 0 0 1 5 4 8 0 0 0 2 0 12 1 1 19 13 41 27 158 0 1 4 3 0 4 0 0 0 59 48 38 1 1 2 0 0 6 1 0
431 GGG 0 0 7 0 2 0 7 0 0 8 18 2 0 0 0 0 12 0 0 0 0 24 5 1 2 0 0 1 1 12 0 0 0 1 24 3 0 0 6 0 93 31 187807 56 0 0 8 14 0 292 0 11 2 0 3 0 3 3 7 27 15 6 41 76
432 AAT 9 50 1 188203 1 27 2 2 24 9 21 18 0 6 0 2 0 25 136 7 57 7 0 1 13 0 1 0 14 1 2 4 0 0 0 19 7 6 15 2 5 14 3 116 7 20 3 4 0 0 0 9 0 4 9 47 4 30 0 10 1 16 5 0
433 ACA 0 3 1 0 188521 14 95 3 0 1 0 1 81 0 3 0 0 6 0 0 0 2 1 0 0 0 3 0 7 3 6 51 0 9 0 3 55 2 0 0 29 8 0 16 1 10 9 25 0 16 0 0 3 15 1 10 0 0 0 9 41 0 0 6
434 GAG 0 0 23 0 0 1 2 0 7 1 6 0 0 0 0 0 18 0 0 0 0 0 15 0 0 0 5 0 0 0 0 0 29 5 188906 10 8 0 18 0 5 1 59 4 28 21 8 3 0 0 10 1 0 0 11 1 0 0 0 0 0 0 0 0
435 GGA 0 0 1 0 0 0 0 0 10 7 0 0 0 0 0 0 0 0 0 3 0 0 0 0 0 0 1 0 0 0 16 0 19 0 1 0 0 0 0 0 188105 9 936 13 1 0 0 1 0 0 0 0 0 0 0 0 3 0 0 0 0 1 1 2
436 AGA 20 0 0 0 0 0 0 0 189135 0 39 2 3 0 2 0 1 0 0 0 0 1 0 0 21 4 6 0 2 0 0 0 0 1 2 0 0 0 1 0 8 0 2 0 0 0 0 0 0 0 0 0 0 0 0 0 2 0 0 0 0 0 0 0
437 ACA 3 3 0 0 188931 0 11 2 0 0 0 4 10 1 1 2 1 0 0 1 1 0 0 0 0 0 1 1 0 0 0 3 0 0 0 1 12 3 20 3 0 0 3 0 3 0 0 1 2 1 0 0 0 11 0 2 0 41 0 2 0 0 0 0
438 TCA 1 2 0 69 3 0 0 0 1 4 1 3 0 1 5 0 0 0 1 0 16 0 0 0 1 0 1 2 0 0 0 0 0 0 1 0 1 0 0 0 0 20 149 6 2 0 0 0 0 0 0 1 188604 12 136 5 0 0 3 0 6 0 0 0
439 GAC 0 10 0 0 0 0 0 0 0 0 0 0 0 0 0 0 0 0 0 0 0 0 0 0 0 0 0 0 0 0 0 0 1 188966 0 8 0 0 1 0 2 16 2 0 0 13 0 0 0 6 0 0 0 0 2 0 0 0 0 0 0 0 0 0
440 ATG 2 1 4 1 0 0 17 8 0 8 6 1 15 1 189044 2 0 0 0 3 0 1 0 0 0 0 7 2 1 0 1 0 0 0 8 0 0 8 4 4 0 0 7 0 0 0 14 0 0 0 0 8 0 2 4 0 0 0 4 0 0 2 1 0
441 AGG 1 0 11 1 4 0 0 0 19 0 188986 1 0 0 19 0 0 0 1 0 0 0 0 0 0 10 21 0 0 0 0 0 1 0 1 0 2 3 0 3 16 0 26 0 0 0 6 0 0 1 0 3 0 0 0 0 0 0 5 0 0 0 2 0
442 GCA 0 0 0 0 81 0 45 0 0 1 0 0 15 8 6 48 0 0 0 1 0 1 0 0 0 0 0 1 5 3 0 4 18 0 2 0 188133 7 176 18 1 1 2 0 47 115 295 0 1 4 0 0 59 1 4 0 0 2 2 0 0 0 0 0
443 GAA 28 0 1 1 0 0 4 1 0 0 0 0 0 1 0 0 0 0 0 0 0 0 0 0 0 0 0 0 0 0 0 0 189150 0 13 0 4 1 1 0 10 0 2 1 0 0 0 0 2 0 0 0 0 1 2 0 0 1 1 2 0 0 0 1
444 ATT 0 0 1 0 0 0 0 7 0 0 0 0 22 19 1 189182 0 0 0 4 0 0 1 0 1 0 2 0 4 0 0 4 0 1 1 0 0 0 0 1 0 3 14 0 0 2 3 8 0 0 0 0 0 0 0 0 0 1 0 5 14 0 1 1
445 ATA 0 1 0 0 13 0 0 0 3 1 3 0 189081 7 44 2 1 0 1 0 0 1 0 0 5 0 1 0 0 0 0 5 1 0 0 0 0 7 3 0 1 4 0 4 20 2 14 10 1 0 0 0 1 0 1 0 0 7 0 8 9 0 8 0
446 AGG 2 0 21 0 0 5 24 1 33 0 188705 10 0 2 23 4 8 0 44 1 0 3 1 2 3 8 38 20 0 1 1 2 0 11 46 6 0 2 15 14 4 6 88 4 6 0 10 0 0 0 2 0 0 0 6 2 0 2 5 12 0 0 5 0
447 ATG 0 0 2 0 0 0 8 1 0 1 0 2 6 0 189088 0 0 0 0 0 2 0 0 0 0 0 0 0 0 3 3 0 0 2 1 0 0 0 1 0 1 0 2 0 4 0 25 1 1 0 0 0 0 3 0 0 0 19 0 7 0 0 6 0
448 ATG 0 0 0 0 0 0 11 0 0 0 2 0 29 3 189047 8 5 0 1 0 0 0 0 0 1 0 0 0 0 0 0 1 0 0 0 1 0 0 1 0 1 0 0 0 3 0 22 3 0 0 0 0 1 1 0 0 0 5 0 0 21 0 3 0
449 GAA 18 0 0 1 0 0 9 3 0 0 0 0 0 3 0 0 0 0 0 2 0 1 0 0 0 0 0 2 0 0 0 1 189027 3 36 4 1 1 0 0 35 2 0 4 0 4 0 1 1 0 2 0 0 0 0 0 27 0 0 1 3 0 0 1
450 GGT 66 1 1 3 8 32 30 65 0 18 4 209 0 0 7 0 0 1 0 2 0 0 0 0 27 0 5 14 1 0 40 58 0 0 4 31 0 0 0 3 0 24 26 188392 1 7 64 1 0 0 0 0 0 0 0 2 0 1 0 11 0 8 20 0
451 GCA 0 0 125 1 144 2 0 0 1 1 6 0 1 17 11 9 4 2 29 0 0 0 19 0 5 1 0 2 0 1 0 0 22 2 1 2 188139 2 54 29 26 1 27 5 192 4 22 0 0 0 0 0 3 0 0 0 0 2 15 0 3 1 0 2
452 AAA 188941 43 31 0 1 0 10 0 11 0 0 2 0 0 1 0 2 2 0 1 0 0 1 0 7 0 8 0 27 0 92 0 3 0 0 0 0 0 9 0 0 2 18 0 0 0 6 0 17 0 0 0 0 0 0 0 0 0 0 0 0 0 0 0
453 CCA 0 0 9 0 8 0 0 0 31 0 1 0 0 22 0 0 2 1 5 0 188124 0 30 1 0 0 2 0 25 2 0 0 0 20 2 0 1 0 10 0 84 10 5 25 0 0 11 0 0 0 0 0 5 3 0 1 0 1 0 0 0 0 0 0
454 GAA 16 0 4 0 0 0 0 27 0 0 1 0 2 0 0 0 20 1 0 4 0 3 0 0 0 2 2 0 0 0 0 4 188646 3 12 78 69 0 0 12 23 140 6 0 1 27 9 0 2 2 0 0 22 0 0 5 0 1 3 0 11 0 4 3
455 GAA 10 0 2 3 2 2 7 19 5 9 0 7 1 2 23 1 3 2 0 2 3 0 10 0 2 0 2 3 1 2 0 3 188837 1 28 4 11 2 4 0 9 4 2 3 27 10 45 9 3 0 0 5 9 3 4 3 1 1 0 11 3 2 7 25
456 ATG 0 1 16 2 0 0 8 0 0 2 108 3 19 0 188746 7 0 0 1 6 3 3 2 2 0 0 2 0 0 0 3 0 0 0 0 0 0 1 3 0 7 1 19 7 2 0 13 0 1 0 1 5 17 0 34 1 0 24 18 12 16 0 3 0
457 TCC 0 1 0 0 10 2 1 1 0 0 0 1 0 0 0 0 9 4 1 0 0 14 1 1 0 0 0 0 21 1 0 26 0 0 0 0 13 3 0 16 24 25 0 1 0 0 1 0 0 0 0 0 85 188600 3 153 0 0 0 0 2 7 0 0
458 TTC 0 0 3 0 3 0 0 0 0 0 0 1 0 24 0 0 0 0 0 0 0 0 0 0 0 0 0 0 0 9 0 0 0 0 0 0 0 0 0 0 1 0 2 2 0 1 0 0 0 8 0 0 0 9 0 0 0 3 1 0 8 188830 1 10
459 CAG 0 0 3 0 5 0 0 0 0 0 0 1 2 0 2 0 36 20 188139 30 0 0 8 0 13 0 210 27 1 0 8 0 0 0 6 0 0 1 2 0 1 0 29 1 3 0 0 0 0 0 21 33 0 0 0 0 0 2 0 0 0 3 0 1
460 GGG 531 0 1 0 0 1 1 0 0 5 47 0 0 0 0 0 0 1 0 0 0 0 0 0 3 0 3 0 0 0 1 0 1 0 7 0 0 0 0 0 13 2 149508 6 2 1 3 0 0 0 2 0 0 0 0 0 0 12 25 0 2 1 1 2
461 CGG 0 0 0 0 0 0 0 0 0 0 14 0 0 0 0 0 0 0 31 0 0 0 0 0 6 0 149498 8 0 1 9 0 0 0 0 0 0 0 0 0 0 0 3 0 0 2 0 0 1 0 1 0 0 0 2 0 0 2 15 0 0 0 0 0
462 GGA 0 0 0 4 0 0 0 0 5 2 0 0 0 0 0 0 0 0 0 0 1 0 2 2 0 0 0 0 0 0 0 0 7 0 0 0 7 4 76 28 139081 15 42 1 1 0 0 1 0 0 0 0 0 7 8 0 3 3 0 2 0 0 0 0
463 GTC 0 0 1 0 0 0 0 1 0 0 0 1 4 61 0 0 0 0 0 0 0 0 0 0 0 0 0 0 0 0 0 0 0 0 5 0 2 5 0 4 5 0 0 0 15 126272 8 10 0 0 0 0 0 0 0 0 0 0 0 0 5 0 5 0
464 TTC 0 0 0 0 0 0 0 0 0 1 0 0 0 7 0 0 0 0 0 0 0 0 0 0 0 0 0 0 0 16 0 0 0 0 0 0 0 0 0 0 0 0 0 0 0 1 0 0 0 3 0 0 0 17 0 0 0 0 0 0 1 153613 0 21
465 GAG 0 0 7 0 0 0 0 0 0 29 1 0 0 0 0 0 0 0 0 0 0 0 0 0 0 0 0 0 1 0 0 0 5 0 146949 0 0 0 0 0 0 0 23 3 0 0 2 0 0 0 1 0 0 0 0 0 0 0 1 0 0 0 0 0
466 CTC 1 0 2 0 1 1 0 0 7 0 0 0 0 6 87 6 8 7 10 15 28 55 5 31 1 0 0 0 36 129833 6 9 0 1 2 1 27 4 11 1 11 0 7 0 0 1 6 3 1 29 0 14 0 0 3 5 0 0 126 1 1 197 36 81
467 TCG 8 0 9 3 0 5 22 0 0 1 0 8 8 9 2 0 0 0 4 0 0 0 10 0 0 82 3 1 1 0 0 0 0 0 4 0 0 0 0 0 2 2 8 0 1 0 1 0 0 0 3 5 11 8 151303 12 0 0 1 0 0 2 24 0
468 GAC 0 12 0 0 0 0 0 0 0 0 0 1 0 0 0 0 0 0 0 0 0 0 0 0 0 0 0 0 0 0 0 0 1 149658 0 12 0 1 0 0 0 34 0 0 0 0 0 0 0 1 0 0 2 1 5 0 0 0 0 0 0 0 0 0
469 GAA 11 0 1 0 1 1 0 0 0 1 0 0 0 0 0 0 5 0 19 0 0 0 0 0 0 0 1 0 0 1 0 0 147678 1 25 4 1 0 0 0 16 0 0 0 2 0 0 0 1 0 0 0 0 0 0 0 0 0 0 0 0 0 2 0
470 AGG 2 0 18 0 0 0 0 0 9 0 148384 1 0 0 15 0 0 0 0 0 0 0 0 0 0 0 7 0 0 0 0 0 0 0 0 0 0 0 0 0 0 0 13 0 0 0 0 0 0 0 0 0 0 0 0 0 0 0 4 0 0 0 0 0
471 GCA 0 0 0 0 20 1 1 0 0 0 0 0 0 0 0 0 0 0 0 0 1 0 0 0 0 0 0 0 0 0 0 0 1 0 0 0 135048 3 55 2 1 2 0 0 48 0 0 0 0 0 0 0 1 0 0 0 0 0 0 0 6 0 0 0
472 GCG 0 0 0 0 0 1 109 0 0 0 0 0 0 0 0 0 0 48 0 0 0 0 2 0 0 0 0 0 0 0 0 0 0 0 0 0 19 0 139602 3 0 0 0 0 0 0 57 1 0 0 0 0 0 0 5 0 0 0 0 0 0 0 0 0
473 AAC 2 153952 0 27 0 2 0 0 0 10 0 0 0 0 0 0 0 5 0 0 0 0 2 0 1 0 0 0 0 0 4 0 0 14 0 0 0 0 0 0 0 0 0 0 0 0 0 0 0 4 0 0 0 0 3 0 0 0 2 0 0 8 0 0
474 CCG 0 0 0 0 0 0 0 0 0 0 0 0 0 0 0 0 0 0 6 0 28 0 188240 3 0 0 1 0 0 0 7 0 0 0 0 0 0 0 9 0 0 0 0 0 0 0 1 0 0 0 0 0 0 0 3 0 0 0 0 0 0 0 0 0
475 ATC 0 4 0 0 0 15 0 0 0 0 0 0 4 189048 1 18 0 0 0 0 0 0 0 0 0 1 0 0 0 14 0 0 0 0 0 0 0 1 0 0 0 2 0 0 0 37 0 0 0 0 0 0 0 0 0 0 0 0 0 0 0 0 0 0
476 GTG 0 0 0 0 0 0 0 0 0 0 0 0 0 0 48 0 0 0 0 0 0 0 0 0 0 0 12 0 0 0 8 0 0 0 10 0 4 2 66 11 0 0 3 0 66 0 188621 1 0 0 0 0 0 0 0 0 0 0 0 0 0 0 2 0
477 CCC 0 0 0 0 0 1 0 0 0 0 0 0 0 0 0 0 0 0 0 0 5 189009 0 12 0 0 1 0 0 9 0 0 0 0 0 0 0 0 0 0 0 0 0 0 0 0 0 0 0 0 0 0 0 26 0 0 0 0 0 0 0 0 0 0
478 TCT 0 0 1 0 0 0 2 1 0 0 0 0 0 0 0 0 7 3 1 0 2 7 0 21 0 0 0 0 0 0 6 2 0 0 0 0 0 0 0 0 0 0 0 0 0 0 2 0 0 0 0 15 1 424 173 187876 0 0 27 0 0 0 26 3
479 TTT 0 0 0 0 0 0 0 0 0 0 0 0 0 2 1 26 0 0 0 0 0 1 0 0 0 0 0 1 0 0 0 16 0 0 0 0 0 0 0 0 1 0 0 0 0 4 0 8 0 5 0 3 0 0 0 9 0 0 0 4 19 22 1 188768
480 GAC 0 21 0 0 0 0 0 0 1 0 0 0 0 0 2 0 2 14 7 0 0 0 0 21 0 16 0 0 0 1 0 0 4 188650 3 33 0 3 0 2 0 24 2 5 0 1 1 0 0 6 0 0 0 0 0 0 0 0 0 0 0 2 0 0
481 ATG 0 0 2 0 0 0 15 0 0 0 4 0 10 0 189051 1 0 0 0 0 0 0 0 0 0 0 0 0 0 0 2 0 0 0 0 0 0 0 0 1 3 0 1 0 0 0 18 0 0 3 0 0 0 0 0 0 0 2 0 0 0 0 2 0
482 AGT 0 10 1 24 0 0 0 0 0 29 1 189087 0 0 0 1 0 0 0 0 0 0 0 0 0 0 0 4 0 0 0 0 0 0 0 0 0 0 0 0 0 0 0 14 0 0 0 0 0 0 0 0 0 0 0 0 0 0 0 2 0 0 0 0
483 AAT 2 31 17 189241 0 0 0 1 0 0 0 1 0 1 3 0 0 0 0 0 0 0 0 0 0 0 0 0 0 0 0 0 0 0 0 9 0 0 0 0 0 0 0 0 0 0 0 0 0 0 0 0 0 0 0 0 0 0 0 0 0 0 1 0
484 GAA 5 2 0 0 0 0 0 0 0 0 0 0 0 0 0 0 0 0 0 1 0 0 0 0 0 0 0 0 0 0 0 0 188761 7 12 0 1 0 3 0 14 0 1 0 0 0 0 9 0 0 0 0 0 0 0 0 0 0 0 0 0 0 0 0
485 GGA 0 0 1 0 0 0 0 0 48 22 0 33 0 0 0 0 1 0 10 0 0 0 0 0 0 6 6 0 0 0 0 0 18 0 3 0 0 1 0 0 188686 7 36 52 0 1 16 66 0 0 0 0 6 0 1 2 7 0 6 14 0 0 0 0
486 TCT 0 0 0 0 0 0 0 0 0 0 0 0 0 0 0 0 0 0 0 0 0 0 1 6 0 0 0 0 0 0 0 0 0 0 0 0 0 0 0 0 0 0 0 0 0 0 0 0 0 0 0 3 2 15 1 189160 0 0 0 0 0 0 0 5
487 TAT 0 0 1 1 0 0 0 0 0 0 0 0 0 0 0 0 0 0 0 53 0 0 0 0 0 0 0 0 0 0 0 0 0 0 0 0 0 0 0 0 0 0 0 0 0 0 0 0 0 1 2 189175 0 0 0 0 0 0 0 13 0 0 0 1
488 TTC 0 0 0 0 0 0 0 0 0 0 0 0 0 2 0 0 0 0 0 0 0 0 0 0 0 0 0 0 0 8 0 0 0 0 0 0 0 0 0 0 0 0 0 0 0 1 0 0 0 0 0 0 0 6 0 0 0 0 0 0 2 188511 0 10
489 TTC 0 0 0 0 0 0 0 0 0 0 0 0 0 2 0 0 0 0 0 0 0 0 0 0 0 0 0 0 0 13 0 0 0 0 0 0 0 0 0 0 0 0 0 0 0 1 0 0 0 0 0 16 0 11 0 0 0 0 0 0 1 187463 0 20
490 GGA 0 0 0 0 0 0 0 0 16 0 0 0 0 0 0 0 0 0 0 0 0 0 0 0 0 0 0 0 0 0 0 0 9 0 0 0 0 0 0 0 189028 0 10 4 0 0 0 0 0 0 0 0 0 0 0 0 3 0 0 0 0 0 0 0
491 GAC 0 16 0 0 0 0 0 0 1 0 1 0 0 43 0 0 0 1 0 0 0 0 0 0 0 1 0 0 0 0 0 0 1 188889 0 12 0 1 0 0 0 25 0 0 7 12 3 0 0 0 0 0 0 0 0 0 5 0 0 0 0 0 0 0
492 AAT 8 12 1 189040 0 0 0 0 0 0 5 15 0 0 0 5 0 0 0 0 0 0 0 0 0 0 0 0 0 0 0 0 0 0 0 31 0 0 0 0 0 0 0 0 0 0 0 0 0 0 0 0 0 0 0 0 0 0 0 0 0 0 0 0
493 GCA 0 0 0 1 88 0 0 0 0 0 0 0 0 1 0 0 2 0 0 1 1 0 1 0 0 0 0 0 0 0 0 0 4 0 0 1 188883 2 30 5 2 0 1 1 46 0 13 4 0 0 0 0 0 0 1 0 0 0 0 0 0 0 0 0
494 GAG 0 5 14 0 0 0 1 0 0 0 0 0 0 0 1 0 0 6 0 0 4 2 0 0 0 0 0 0 0 0 0 0 46 1 189071 6 1 0 1 1 0 1 25 0 1 0 1 1 0 0 1 0 0 0 0 0 0 0 0 0 0 0 0 0
495 GAG 0 12 13 0 0 0 0 0 0 0 1 2 0 0 0 0 0 0 0 0 0 0 1 0 0 0 3 0 0 0 0 0 43 22 189087 3 0 0 0 0 1 0 21 0 0 0 2 2 0 0 1 0 0 0 3 0 0 2 1 0 0 3 0 0
496 TAC 0 0 0 0 0 0 0 0 0 0 0 0 0 0 1 4 0 19 0 0 0 0 0 0 0 0 0 0 0 0 0 0 0 1 0 0 0 1 0 0 1 4 1 1 0 0 4 3 3 188887 1 41 0 0 0 0 1 45 7 0 1 17 0 1
497 GAC 0 40 1 8 0 1 7 2 0 6 4 1 0 12 39 0 0 0 0 0 0 0 0 0 0 2 2 0 0 0 0 0 0 187424 22 28 5 5 11 2 1 84 15 0 2 19 18 72 26 12 5 7 0 12 2 1 0 1 12 68 3 15 3 1
498 AAT 222 55 359 185926 45 15 40 12 467 83 307 110 15 113 13 36 15 319 8 11 1 6 1 0 61 33 63 11 3 0 0 4 1 3 0 15 11 5 16 10 377 84 11 35 23 11 14 10 3 0 20 3 2 0 12 3 29 18 4 9 9 1 22 3
499 TAA 0 0 0 0 0 0 0 0 0 0 0 0 0 0 0 0 21 0 0 0 0 0 0 0 0 0 0 0 0 0 0 0 0 0 0 0 0 0 0 0 0 0 0 0 0 0 0 0 189108 2 3 14 0 0 0 0 22 0 0 0 15 0 0 0
