# POSITION WT AAA AAC AAG AAT ACA ACC ACG ACT AGA AGC AGG AGT ATA ATC ATG ATT CAA CAC CAG CAT CCA CCC CCG CCT CGA CGC CGG CGT CTA CTC CTG CTT GAA GAC GAG GAT GCA GCC GCG GCT GGA GGC GGG GGT GTA GTC GTG GTT TAA TAC TAG TAT TCA TCC TCG TCT TGA TGC TGG TGT TTA TTC TTG TTT
1 ATG 0 0 0 0 0 0 15 0 0 0 1 0 5 0 227897 11 0 0 0 0 0 0 0 0 0 0 0 0 0 0 4 0 0 0 0 0 0 0 0 0 0 0 0 0 0 0 58 0 0 0 0 0 0 0 0 0 0 0 0 0 0 0 0 0
2 GCG 0 0 0 0 0 0 1 0 0 0 0 0 0 0 0 0 0 0 0 0 0 0 0 0 0 0 0 0 0 0 0 0 0 0 1 0 36 0 227481 0 0 0 0 0 0 0 68 1 0 0 0 0 0 0 1 0 0 0 0 0 0 0 0 0
3 TCC 8 3 0 2 8 26 1 14 0 0 0 0 0 0 6 0 3 9 1 24 0 16 0 0 7 0 0 3 8 4 3 0 1 0 4 0 0 14 0 0 0 0 0 0 0 0 0 0 0 29 0 0 12 227262 5 18 1 0 1 0 0 12 0 0
4 CAA 58 372 0 4 151 20 6 209 3 2 0 0 421 11 17 76 225513 60 37 8 19 0 0 3 37 0 0 0 60 48 13 17 15 2 0 2 42 0 9 14 1 0 0 3 292 2 9 4 11 11 0 5 72 15 24 240 5 0 0 42 55 30 17 76
5 GGC 0 1 0 0 0 28 0 0 0 32 0 0 0 0 0 0 0 4 0 0 0 25 0 0 0 26 0 2 0 0 0 0 0 40 0 0 0 47 0 0 0 227799 0 16 0 1 0 0 0 1 0 0 0 33 0 0 0 130 0 0 0 0 0 0
6 ACC 0 0 0 0 0 227895 0 4 0 0 0 0 0 2 0 0 0 0 0 0 0 1 0 0 0 0 0 0 0 0 0 0 0 0 0 0 0 2 0 0 0 0 0 0 0 0 0 0 0 0 0 0 0 1 0 0 0 0 0 0 0 0 0 0
7 AAA 228039 3 7 0 0 0 0 1 7 0 0 0 1 0 0 0 1 1 0 0 0 0 0 0 0 0 0 0 0 0 0 0 20 0 0 0 0 0 0 0 0 0 0 0 0 0 0 0 2 1 0 2 0 0 0 0 0 0 0 0 0 0 0 0
8 CGG 0 0 0 0 0 0 0 0 0 0 0 0 0 0 0 0 3 0 10 0 10 1 3 0 77 0 228058 3 6 0 4 0 0 0 0 0 0 0 0 0 0 0 0 0 0 0 0 0 0 0 0 0 0 0 0 0 0 0 52 0 0 0 0 0
9 TCT 0 0 0 3 1 2 0 10 0 0 0 0 0 0 1 0 5 0 0 0 0 1 1 7 0 0 1 1 0 0 0 4 0 0 0 0 10 4 0 4 0 0 0 0 0 0 0 2 0 2 0 5 4 137 18 227334 0 0 0 4 18 3 1 8
10 TAT 2 12 1 10 23 6 1 7 1 8 0 7 15 42 1 16 0 16 5 57 17 6 0 8 0 4 0 2 4 26 8 4 14 1 5 2 0 2 3 8 1 14 4 0 18 3 2 0 2 29 0 227557 8 54 1 2 0 4 0 22 2 1 5 2
11 GAA 13 0 2 0 7 0 0 6 0 0 0 0 0 1 3 0 4 0 0 0 2 0 1 0 0 0 0 0 2 1 2 4 227454 1 49 0 3 0 6 1 15 3 0 0 3 2 1 0 0 0 1 1 0 0 0 1 1 0 1 1 1 0 0 2
12 CAG 33 39 270 8 1 6 14 4 9 53 11 0 4 11 1 0 70 69 226620 337 8 1 9 2 8 61 54 0 75 18 87 24 3 3 5 0 10 4 6 9 0 3 83 10 1 0 1 17 1 5 28 4 10 10 0 24 0 13 0 2 21 4 8 7
13 ATG 1 5 3 0 1 0 12 0 0 2 5 0 16 1 227959 6 2 0 0 1 0 1 0 0 1 0 1 0 0 1 11 0 0 0 3 0 0 1 0 0 0 1 0 0 0 0 27 0 2 0 0 0 0 0 0 0 1 1 0 1 0 0 0 0
14 GAA 12 0 0 0 6 1 0 0 80 0 0 0 0 0 5 0 1 1 2 1 0 1 0 0 0 0 0 0 1 2 0 0 227570 4 16 14 2 0 2 0 16 0 1 0 1 0 0 0 2 1 0 0 0 0 0 1 0 0 2 1 0 0 0 0
15 ACT 0 0 0 2 3 31 2 227885 0 0 0 1 0 2 0 7 0 6 0 0 0 0 0 3 0 0 0 2 7 0 1 0 0 0 0 0 0 0 0 5 0 0 0 0 4 0 1 0 0 0 0 0 0 1 0 1 0 0 0 3 0 0 0 0
16 GAT 0 3 0 16 1 2 0 2 0 1 0 0 0 1 0 1 1 0 1 0 0 0 0 0 1 0 1 0 1 0 0 0 5 12 4 228049 1 0 0 1 0 0 12 32 0 0 0 1 0 0 0 1 2 0 0 0 0 0 0 0 0 0 0 0
17 GGG 4 3 2 0 9 2 0 3 2 2 12 1 0 0 0 0 4 0 1 3 0 4 3 3 0 0 0 0 0 0 0 0 0 0 6 0 0 1 10 3 67 8 227997 15 0 0 10 6 0 0 0 0 4 0 0 0 0 1 11 0 0 1 0 0
18 GAA 27 7 0 59 6 33 2 0 0 1 0 5 5 5 1 1 16 11 8 1 43 27 78 5 2 4 0 2 0 5 0 6 227495 1 47 5 8 120 3 1 34 9 2 0 0 0 0 30 4 21 1 0 64 9 0 10 4 2 0 0 4 3 0 0
19 CGC 0 0 0 0 0 2 0 0 0 2 1 0 0 0 0 0 0 65 0 2 0 0 0 0 4 227967 1 8 0 4 0 0 0 1 0 0 0 2 0 0 0 2 0 0 0 0 0 0 0 0 0 0 0 1 0 0 0 56 0 0 0 0 0 0
20 CAG 1 0 6 0 2 2 1 0 0 0 0 0 1 0 0 0 11 3 226674 11 1 1 361 9 2 11 82 0 0 1 1 1 0 0 0 0 1 0 1 0 1 0 0 0 0 0 2 0 0 0 5 0 2 0 3 2 0 0 2 0 0 0 0 0
21 AAT 2 19 1 227637 118 38 53 57 1 3 1 24 0 0 7 4 5 11 9 5 2 10 5 5 18 4 6 42 1 6 17 5 0 0 0 8 2 0 1 3 3 4 3 0 13 0 0 3 1 1 0 1 39 22 0 3 1 1 0 2 1 0 0 0
22 GCA 52 0 10 0 111 15 39 2 71 0 3 3 1 0 0 0 0 5 8 0 23 12 0 7 439 152 17 58 2 6 3 6 6 1 1 0 226589 94 16 54 0 0 1 0 82 16 15 31 21 0 3 0 3 5 4 9 0 0 2 0 0 2 0 0
23 ACT 5 9 0 9 97 39 42 226999 12 3 1 1 1 2 4 4 8 77 14 21 9 7 5 7 25 13 3 38 10 13 1 0 0 4 4 1 11 13 7 27 9 0 11 10 3 2 4 4 7 2 3 3 12 84 179 366 6 0 0 4 5 3 0 1
24 GAG 13 7 96 2 1 13 20 3 0 0 2 3 4 11 26 0 67 3 13 0 1 1 2 1 4 7 1 1 6 2 0 1 143 0 227666 7 1 8 27 12 5 0 18 0 4 2 3 0 1 3 2 5 5 0 2 13 4 2 2 2 0 2 0 2
25 ATC 0 1 0 0 0 8 0 0 1 0 1 0 22 228160 2 12 5 3 2 0 1 0 0 0 6 0 0 0 5 3 0 1 1 2 1 0 0 1 0 0 0 0 0 3 0 17 0 1 5 0 0 0 0 0 0 1 1 0 0 0 0 1 0 0
26 AGA 19 0 2 1 0 0 0 0 228051 3 25 1 6 0 2 0 0 1 0 0 0 10 0 0 13 7 1 0 0 0 0 0 0 0 0 0 0 0 1 0 54 0 2 0 0 0 0 0 0 1 2 4 0 1 0 0 13 0 1 0 0 0 1 0
27 GCA 0 4 4 0 24 0 2 1 2 12 55 4 1 1 0 1 0 1 4 1 1 2 2 0 2 11 12 0 1 0 0 0 3 0 0 0 227966 19 5 3 3 1 8 2 40 0 0 0 3 1 0 1 4 2 3 2 0 0 0 0 2 8 1 0
28 TCC 42 17 0 0 1 1 0 1 3 0 2 0 0 0 0 0 2 15 5 4 0 18 1 4 0 3 16 0 0 11 0 0 0 2 0 0 0 5 3 0 0 43 5 11 1 2 0 0 2 6 6 2 11 227923 6 22 3 6 4 0 4 8 0 0
29 GTC 0 2 2 3 1 4 3 0 0 0 0 0 0 60 0 0 1 0 0 0 0 3 2 0 2 2 0 0 0 1 0 3 0 1 0 0 1 13 0 0 0 0 1 0 14 228083 0 33 0 3 0 0 0 0 0 0 5 3 0 2 1 1 1 0
30 GGG 0 2 0 1 0 0 0 2 0 0 34 0 0 0 1 0 0 0 6 0 0 2 0 4 1 1 0 0 0 2 0 0 0 1 10 0 2 5 0 3 38 27 227311 3 1 1 0 0 0 0 3 0 0 0 1 0 1 0 4 0 1 4 0 0
31 AAG 6 2 225973 8 0 0 4 0 0 0 16 0 0 1 0 0 1 1 3 0 1 1 2 0 16 3 2 12 1 1 3 0 0 0 18 0 0 0 1 0 0 0 1 2 2 0 1 0 6 0 4 0 0 8 4 0 0 0 2 1 0 0 1 0
32 ATG 5 0 2 0 1 0 3 4 1 0 4 0 23 4 228148 1 1 0 0 0 0 2 0 2 1 0 0 0 2 0 0 0 4 1 0 1 1 1 0 0 1 0 2 0 0 0 9 0 0 0 6 0 0 2 0 0 1 0 0 1 0 0 0 3
33 ATT 0 4 2 4 0 0 0 9 7 0 1 3 17 21 3 228098 0 0 1 0 1 0 0 0 0 1 0 0 3 1 0 0 2 0 0 0 1 0 0 1 1 0 0 1 7 32 2 67 0 5 6 0 1 0 0 5 4 0 0 8 1 1 0 1
34 GAT 1 3 0 47 4 4 3 10 0 1 3 13 8 41 11 2 5 4 11 10 3 0 1 0 2 22 1 2 34 3 4 8 12 15 8 227599 4 11 0 14 12 36 1 112 3 0 7 43 1 9 6 8 22 7 34 8 1 7 1 10 8 5 13 3
35 GGA 0 0 1 1 0 0 0 0 16 0 0 1 1 0 0 0 0 1 0 0 0 2 2 4 0 3 0 1 0 0 0 2 17 0 0 0 5 7 1 0 228058 28 32 1 4 0 0 0 4 0 1 0 1 3 0 0 16 3 0 0 4 3 0 0
36 ATT 0 0 1 0 2 0 0 6 0 0 0 2 9 13 0 227990 3 0 0 0 0 1 2 0 3 0 0 0 0 0 0 1 0 0 1 2 0 0 0 0 0 0 0 0 0 0 0 4 0 0 1 0 0 2 0 0 0 0 0 0 1 0 4 0
37 GGA 0 0 0 0 0 2 1 0 6 2 1 0 0 1 0 2 0 0 0 0 1 0 0 0 0 0 0 1 0 1 0 0 10 1 0 0 0 0 0 1 227973 1 125 3 0 0 0 0 0 0 0 1 0 0 0 0 4 0 0 0 0 0 0 0
38 CGA 0 0 0 1 2 1 0 0 8 0 0 0 0 1 0 0 27 0 0 0 4 9 0 2 225841 4 13 1 2 0 0 0 1 0 0 0 0 0 1 0 1 0 0 0 0 0 0 0 0 0 0 0 0 0 0 0 23 0 0 0 0 0 0 0
39 TTC 0 4 1 0 0 1 0 1 0 0 2 1 0 3 0 0 6 2 0 0 2 9 18 3 1 0 1 0 2 15 0 0 1 3 3 0 0 3 1 3 1 3 0 1 0 3 5 0 0 1 1 0 0 15 0 1 0 0 0 3 2 227479 4 7
40 TAC 0 3 0 0 0 0 0 3 0 0 0 0 1 0 0 0 0 31 0 0 0 0 0 1 8 0 1 0 1 0 1 2 0 1 1 0 0 3 1 0 0 4 2 0 2 0 0 0 3 227214 2 29 1 1 0 0 5 30 0 1 2 1 0 0
41 ATC 2 29 3 1 4 30 0 1 1 15 3 0 1 225931 28 29 13 49 7 2 2 1 4 5 3 0 2 0 8 27 4 0 0 0 0 0 1 1 0 2 3 0 7 0 0 7 1 0 8 1 6 4 2 1 1 0 0 3 0 3 56 0 5 2
42 CAA 3 0 7 0 2 0 1 0 1 1 1 0 2 0 1 0 213805 0 35 0 4 6 0 0 13 1 1 2 7 2 4 1 1 0 0 0 0 0 0 0 4 0 0 1 0 1 0 0 7 0 0 0 1 0 1 0 0 0 0 0 1 0 0 1
43 ATG 1 3 5 0 1 0 15 0 0 0 3 0 6 2 216916 2 1 2 0 0 0 4 0 0 0 0 0 4 0 1 2 0 1 0 0 7 0 1 0 1 2 1 0 0 0 0 7 0 0 0 0 0 1 1 0 0 0 0 1 0 0 1 1 0
44 TGC 1 3 0 0 0 1 3 2 0 2 0 1 1 1 2 0 2 0 0 0 0 0 0 0 0 7 0 1 1 2 0 0 0 0 0 0 1 1 1 0 0 0 0 0 0 2 0 19 0 38 0 0 0 0 0 2 6 200668 4 96 0 0 1 0
45 ACT 2 0 0 9 10 35 0 212345 4 0 0 0 5 1 0 5 1 2 2 11 1 1 0 3 9 3 4 0 4 5 5 0 0 0 3 0 0 0 11 9 1 0 3 0 0 3 4 0 5 3 2 0 0 0 0 0 0 1 1 15 1 0 1 0
46 GAA 19 4 0 0 0 6 0 2 0 2 0 0 2 1 1 5 0 0 2 1 6 2 1 0 2 2 0 0 0 2 1 0 217592 1 13 1 1 0 0 0 17 1 1 0 5 7 3 0 15 0 0 0 0 0 1 5 0 2 0 0 2 0 1 1
47 CTT 1 0 0 1 4 1 0 0 0 0 0 0 1 7 1 4 0 2 0 2 4 1 1 8 3 0 0 2 78 48 9 221003 0 0 0 0 0 1 0 0 0 0 0 0 0 0 0 0 0 0 0 0 2 0 3 1 2 0 0 0 0 0 81 6
48 AAA 220066 2 14 1 3 0 0 0 14 0 1 0 1 1 0 1 2 7 0 0 0 1 0 1 6 0 0 0 1 0 0 3 18 0 0 1 1 0 0 1 2 0 0 0 0 0 0 0 0 0 0 1 0 1 0 0 1 1 0 0 1 0 0 1
49 CTC 14 3 2 2 6 5 3 16 5 2 1 2 3 4 4 1 6 9 7 0 9 10 20 9 4 5 2 3 80 212703 9 28 0 2 0 5 0 1 16 2 5 2 3 2 0 2 0 5 7 4 3 6 7 3 5 0 14 3 5 0 32 5 77 10
50 AGT 13 39 1 11 7 157 38 24 4 41 5 212258 0 4 1 1 0 7 51 0 15 52 9 15 1 4 6 3 2 5 5 3 9 23 1 4 4 4 59 7 10 5 13 55 1 7 4 2 2 4 2 0 20 19 10 17 3 15 2 1 2 4 6 0
51 GAT 2 10 0 15 3 15 0 0 0 0 0 4 2 0 5 2 0 23 0 2 0 2 6 17 0 0 0 0 2 0 3 9 21 18 8 213618 20 3 6 4 8 0 0 23 4 1 0 10 6 1 7 8 0 1 0 2 0 0 1 0 1 7 2 1
52 TAT 2 2 0 6 2 6 3 1 2 1 0 2 4 3 0 1 0 1 0 30 2 2 0 0 2 2 0 0 1 0 0 2 0 0 0 0 20 0 1 4 5 4 3 0 9 0 27 0 16 20 7 218758 0 1 10 1 3 0 2 21 9 4 1 1
53 GAG 0 0 19 0 3 0 1 4 0 0 0 1 0 0 0 1 0 1 1 0 2 5 0 1 1 1 2 0 0 0 3 0 35 3 199474 47 0 0 4 0 2 1 41 15 1 3 7 0 5 1 4 0 2 1 0 2 15 2 1 0 1 0 5 0
54 GGG 0 2 1 0 1 29 13 4 0 13 19 3 0 1 0 1 0 1 4 0 1 5 7 3 5 5 5 1 4 0 0 1 0 5 26 0 2 9 27 15 22 28 200260 10 1 0 1 3 2 1 1 1 3 0 9 0 0 0 4 1 0 0 2 0
55 CGA 0 9 0 0 3 3 1 1 32 0 19 0 0 0 0 1 39 3 0 1 1 5 5 1 203775 16 42 7 3 6 4 5 1 0 0 0 0 1 1 0 5 0 1 0 0 1 0 0 0 1 0 2 0 0 0 0 77 2 1 1 0 2 0 0
56 CTG 0 10 1 1 2 2 10 3 0 3 1 1 0 0 10 2 3 6 4 2 5 9 45 1 2 8 6 1 96 59 213573 73 3 2 18 1 1 0 6 2 0 4 0 3 0 5 1 3 9 1 6 1 0 0 3 8 1 1 2 1 3 3 45 1
57 ATC 1 2 0 0 3 21 15 2 0 3 0 2 15 227890 1 28 4 0 0 3 9 8 0 0 2 4 1 0 5 12 64 26 2 0 0 0 2 3 0 4 0 9 5 1 1 16 13 3 3 0 4 1 2 4 1 0 9 3 0 0 2 6 1 0
58 CAG 0 9 3 2 2 1 3 3 1 0 2 2 0 0 0 0 96 2 227969 5 3 5 11 4 0 0 17 1 0 2 7 2 3 0 0 0 0 1 0 2 2 3 0 2 1 1 0 0 1 1 7 7 0 0 0 0 0 1 1 1 0 1 0 0
59 AAC 1 227968 3 26 2 5 0 1 2 12 2 3 2 0 2 1 1 5 2 3 1 3 3 1 1 6 1 5 1 0 0 3 3 17 2 9 0 2 2 0 7 6 1 2 3 1 1 1 5 1 9 0 0 0 0 0 20 0 7 0 1 4 0 8
60 AGC 0 20 0 2 0 6 3 1 1 227798 0 13 0 1 5 0 0 1 0 1 4 0 1 8 23 1 1 0 13 2 4 0 0 0 0 0 2 0 0 0 1 12 2 0 1 1 0 0 1 1 0 0 0 3 16 5 0 1 3 11 0 1 0 4
61 TTA 0 1 1 2 0 2 2 2 0 0 1 0 36 0 1 24 0 7 0 0 1 0 2 2 0 0 1 0 20 0 2 3 3 0 0 3 8 2 0 1 0 1 2 2 4 8 1 0 3 7 0 0 10 1 5 2 5 18 1 7 227797 0 15 0
62 ACA 4 3 0 2 227665 63 8 27 2 17 0 12 8 2 2 0 0 1 1 0 9 12 2 5 6 4 1 14 0 5 1 0 0 3 1 1 17 7 2 3 2 4 0 0 3 0 0 0 1 3 7 1 0 100 6 18 1 0 0 0 0 1 0 0
63 ATA 11 3 1 13 14 2 0 0 0 0 3 0 227851 24 43 37 0 8 2 5 1 7 6 1 3 5 0 3 10 10 0 0 1 1 0 1 11 2 0 0 0 1 0 0 11 1 0 0 1 0 3 1 1 4 1 0 0 0 0 0 4 0 1 3
64 GAG 0 5 11 0 0 2 6 1 0 2 2 1 1 9 11 0 1 0 2 9 4 16 3 3 1 0 0 0 1 0 0 3 9 1 228009 2 1 2 0 1 0 0 30 0 0 0 2 2 3 0 4 2 0 1 1 1 0 0 0 1 0 0 0 2
65 AGA 30 5 1 0 13 0 1 0 227885 0 16 1 2 0 2 0 0 1 0 2 1 3 0 1 17 0 0 8 0 1 0 0 0 1 0 0 0 0 0 0 11 0 0 0 0 0 0 0 6 13 1 2 3 2 0 3 1 0 0 0 0 0 3 0
66 ATG 0 0 2 0 0 0 10 0 0 0 2 5 8 1 227736 2 0 0 0 0 0 2 1 0 0 0 0 0 0 1 1 0 0 1 0 0 0 0 0 0 0 0 0 0 0 0 6 0 0 1 3 0 0 0 2 0 0 0 0 0 0 0 0 0
67 GTG 0 0 0 0 0 0 1 0 0 0 0 0 0 0 22 0 0 0 0 0 1 0 0 0 0 0 0 0 9 0 1 0 0 0 3 0 0 0 8 0 0 0 2 0 102 0 227870 6 0 0 0 0 0 0 1 0 0 0 0 0 0 0 1 0
68 CTC 3 1 2 0 1 3 2 6 1 2 0 0 2 11 0 7 0 4 0 0 5 16 6 2 0 1 0 12 38 227934 2 66 0 0 0 1 0 3 0 2 0 0 0 0 0 2 0 0 3 0 12 1 0 3 2 0 3 0 2 1 0 32 1 2
69 TCT 2 1 0 5 0 2 1 5 0 30 0 4 1 0 1 0 1 6 0 0 1 0 0 43 0 0 0 0 0 0 2 1 0 1 0 0 2 0 15 3 5 1 10 0 0 0 0 0 8 1 1 4 3 59 2 228030 4 0 0 0 0 4 0 3
70 GCT 0 0 2 1 3 7 12 81 0 16 2 3 2 0 0 3 0 1 0 0 1 0 0 0 1 10 0 0 3 2 0 1 0 0 2 3 41 56 24 227841 2 0 2 0 0 1 0 19 17 0 3 1 3 11 2 4 1 0 0 0 0 1 1 0
71 TTT 14 0 0 0 0 0 0 0 0 0 0 0 0 1 0 4 1 2 0 0 2 1 0 3 0 0 0 0 1 0 0 10 0 3 0 0 0 0 0 0 1 0 2 0 0 0 1 1 2 0 0 4 0 2 2 11 0 0 0 0 0 29 2 227985
72 GAC 0 15 2 0 0 2 0 0 0 0 0 0 0 1 1 0 0 0 0 0 6 5 0 0 0 0 0 0 0 0 0 1 7 227748 9 152 0 1 0 0 1 35 0 0 0 5 0 0 0 0 0 0 0 3 0 0 3 0 2 0 0 0 0 2
73 GAA 52 6 0 0 5 4 0 0 1 0 3 14 2 2 1 3 13 74 0 2 2 0 0 0 16 11 7 0 34 1 1 0 227442 14 94 8 7 2 0 3 51 1 52 20 29 0 0 9 7 2 0 17 2 9 0 1 0 37 0 5 2 13 0 1
74 AGA 39 0 1 0 0 0 4 3 228005 2 29 5 2 2 11 0 0 0 0 0 3 1 0 0 8 0 6 14 4 11 0 0 1 0 0 0 1 0 7 9 17 1 0 0 0 0 0 0 2 0 2 0 0 2 0 1 7 0 0 0 0 0 0 0
75 AGG 0 0 30 1 0 0 0 0 13 1 227942 0 0 0 6 0 0 0 0 0 0 0 0 0 0 21 28 194 1 0 5 0 0 0 0 0 1 0 0 0 0 0 25 0 0 0 0 0 0 0 0 0 0 0 0 0 0 0 1 0 1 0 0 0
76 AAT 1 26 0 228084 0 3 0 7 4 0 0 14 0 1 0 0 0 1 0 2 0 3 0 1 0 0 1 0 1 2 13 1 0 0 4 5 0 10 0 0 0 1 0 0 0 0 3 0 0 2 0 0 0 5 1 2 1 2 0 0 12 0 2 0
77 AAA 228037 7 9 1 3 0 0 5 28 0 0 82 10 2 1 0 1 9 0 1 0 0 0 0 3 4 1 2 9 2 4 1 36 4 11 0 0 7 2 0 0 1 2 0 6 7 1 5 0 0 0 0 0 0 1 2 0 0 0 29 4 0 0 0
78 TAT 2 1 3 6 0 1 0 1 0 0 2 2 0 0 3 2 0 6 0 21 0 0 0 0 0 1 1 0 0 0 7 0 1 0 0 0 0 0 2 0 1 0 0 0 4 2 0 0 15 20 1 228031 0 0 0 1 2 3 0 16 0 5 0 7
79 CTG 0 1 0 0 0 2 2 1 6 1 8 0 6 1 12 3 1 3 3 1 0 3 34 1 0 0 0 0 21 13 227382 12 3 0 1 0 1 0 0 1 0 4 1 0 0 0 11 0 4 0 5 0 0 1 0 2 0 0 0 1 0 1 23 1
80 GAA 15 4 0 4 3 16 31 11 5 7 0 4 8 21 20 8 27 15 5 1 3 2 0 0 4 6 5 0 3 46 4 10 227525 8 12 9 10 14 6 12 17 1 0 1 32 39 13 5 11 9 4 2 16 13 4 6 2 6 3 14 13 3 14 4
81 GAA 21 14 3 4 6 8 0 1 4 5 0 8 14 15 3 4 4 17 2 1 3 0 1 0 1 3 3 0 5 21 3 7 227732 2 30 3 4 7 0 13 22 9 23 8 0 7 4 23 45 6 5 8 5 13 1 3 4 4 5 12 1 10 0 16
82 CAT 21 1 4 21 5 0 3 0 9 3 1 0 1 4 26 1 70 47 9 227312 1 0 0 1 3 3 45 102 60 8 0 1 2 0 0 8 4 1 1 2 1 0 1 1 4 2 12 11 7 0 2 73 10 5 0 30 11 5 34 1 3 4 2 158
83 CCC 6 29 11 1 3 11 0 15 0 14 0 31 8 5 2 5 19 5 3 7 7 226682 26 8 0 5 5 12 0 12 8 0 1 0 7 1 3 21 39 59 6 22 7 7 1 9 8 1 1 8 8 0 55 10 10 2 8 22 1 9 0 3 4 2
84 AGC 0 64 2 3 3 19 28 1 15 225703 14 110 7 3 3 9 18 5 295 32 0 2 2 1 1 11 1 0 1 1 0 1 6 1 3 1 45 20 6 7 39 40 41 15 2 10 23 5 14 2 34 2 3 1 8 49 1 9 2 2 7 0 24 9
85 GCG 2 1 0 0 40 51 53 0 6 3 2 0 36 9 18 1 1 0 0 2 1 5 3 1 1 10 10 11 17 1 2 0 1 0 11 1 43 9 161195 13 1 3 60 12 0 9 11 8 0 1 8 19 32 0 55 0 0 3 2 28 0 3 1 0
86 GGG 8 6 7 19 15 5 36 52 3 1 11 0 4 5 1 5 6 37 25 3 1 9 8 2 3 3 5 0 2 15 2 15 0 2 14 0 3 14 2 1 18 22 161253 17 2 2 2 3 12 6 2 16 2 1 3 0 0 0 5 6 3 57 1 3
87 AAG 29 1 162475 25 0 0 2 2 2 0 16 0 0 0 1 0 1 0 0 1 0 0 0 0 0 0 2 1 0 0 0 0 0 0 44 0 0 1 2 0 0 0 0 2 1 0 1 0 2 1 2 0 1 1 1 0 1 0 0 0 0 0 2 0
88 GAT 0 28 0 86 2 0 0 4 0 4 0 1 0 0 1 0 5 1 2 3 2 2 0 2 2 2 1 0 1 0 1 0 3 27 2 162610 0 0 0 4 1 1 7 5 0 0 1 3 10 0 10 6 6 0 1 1 11 1 2 13 0 0 0 0
89 CCT 2 8 0 3 0 3 1 12 2 24 3 5 1 0 2 1 5 4 2 7 29 167 341 161599 1 3 3 6 0 1 0 10 0 3 0 4 5 48 3 21 17 15 18 13 3 1 6 5 19 5 15 4 6 3 9 26 18 20 16 7 1 2 0 15
90 AAG 32 10 162424 15 7 11 21 2 10 6 84 2 8 4 10 10 2 43 2 13 0 3 0 0 6 7 23 36 10 6 11 20 0 0 17 0 0 20 5 1 12 20 7 28 3 0 4 1 1 2 5 8 1 3 0 0 1 0 2 10 0 0 3 1
91 AAA 162747 2 21 1 0 0 0 1 10 0 6 7 0 0 1 0 0 2 0 1 0 1 3 6 8 14 4 6 1 0 3 1 10 7 0 1 0 0 0 0 1 0 0 0 2 0 0 0 20 1 19 0 0 0 0 1 3 1 1 0 2 0 0 0
92 ACT 0 1 0 2 39 152 29 162164 0 0 0 5 0 0 0 3 0 2 0 0 0 3 1 3 0 1 1 3 3 0 0 0 2 3 0 0 0 0 0 10 0 0 0 2 0 0 0 2 3 1 0 0 0 0 0 0 0 3 0 2 0 0 0 0
93 GGA 0 0 0 1 0 0 0 0 5 0 0 0 0 2 0 1 1 0 0 0 0 1 0 1 1 0 0 0 0 0 0 1 4 0 0 0 0 2 0 0 162163 1 53 7 2 0 0 0 3 0 1 0 0 1 0 0 18 0 0 0 0 1 2 0
94 GGA 1 2 0 0 1 1 0 0 9 0 0 0 0 0 0 0 1 0 0 0 1 7 0 0 1 0 0 0 0 1 0 2 15 0 1 0 0 0 0 0 162166 18 50 2 1 0 0 0 4 0 9 0 0 4 0 0 27 0 0 0 1 0 0 0
95 CCC 0 0 0 0 0 4 0 2 0 0 0 0 0 0 0 0 0 7 0 2 38 162445 1 137 0 0 0 0 1 5 0 1 4 0 0 0 6 2 0 10 0 1 0 0 0 0 0 0 1 0 24 0 2 12 0 4 0 0 0 0 0 0 0 0
96 ATA 3 0 0 1 9 1 0 0 0 0 0 0 162618 6 18 3 0 0 0 0 0 0 1 0 1 0 0 5 3 8 2 3 1 0 1 6 0 0 3 1 1 0 0 0 15 1 2 0 8 0 4 0 0 2 0 2 4 0 0 0 0 0 1 0
97 TAC 1 1 0 1 1 0 1 0 0 0 0 0 0 1 0 1 0 14 0 2 0 2 1 0 1 1 0 0 0 0 0 3 1 2 0 0 0 1 0 0 0 0 2 3 0 0 1 0 2 162238 43 16 0 0 0 1 0 12 0 0 0 1 0 1
98 AAG 38 1 162492 0 0 12 3 3 4 0 29 0 1 0 7 0 3 5 1 4 2 5 0 2 2 0 15 2 0 2 0 0 0 1 29 0 0 0 2 0 0 1 0 1 0 0 1 0 5 1 4 1 0 0 0 0 0 0 0 0 0 0 1 0
99 AGA 17 3 0 0 0 1 0 0 162839 0 18 2 0 1 0 0 0 0 0 0 0 0 1 0 12 11 0 8 0 1 2 1 0 0 0 0 1 0 0 0 4 2 0 0 0 0 0 1 0 0 0 5 0 0 0 0 0 3 3 0 0 0 0 0
100 GTA 2 2 0 5 2 1 5 0 0 9 0 2 18 0 13 2 5 7 8 1 23 29 10 5 11 39 6 0 9 29 6 9 3 0 6 0 34 5 0 2 7 0 22 3 162344 10 84 7 10 0 0 0 6 25 4 2 3 28 0 9 9 5 0 0
101 GAT 0 4 0 20 1 4 2 3 0 0 0 0 0 0 0 1 6 3 0 10 0 6 4 0 0 0 0 0 1 1 1 1 3 116 3 162634 1 3 0 0 0 2 0 20 0 0 2 2 0 0 4 4 0 4 6 15 0 0 0 0 1 0 1 0
102 AGA 15 1 1 0 4 1 1 0 162657 0 16 5 4 2 3 1 4 12 0 0 0 11 1 1 2 19 0 0 0 0 0 0 0 0 1 0 0 21 1 2 13 0 12 1 0 0 0 0 19 6 2 0 0 1 1 0 5 1 5 9 1 0 6 0
103 AAG 26 0 162831 16 0 0 2 0 0 0 24 0 2 0 2 0 0 2 3 0 0 1 0 0 17 2 0 2 0 0 2 0 0 0 4 0 1 0 5 0 4 1 26 1 0 0 2 0 0 0 0 0 0 1 1 9 5 0 0 0 0 0 0 0
104 TGG 0 2 0 0 2 0 1 1 0 0 0 0 3 2 0 0 3 1 0 0 0 3 0 0 1 1 3 1 0 1 2 0 0 0 2 0 0 0 0 2 1 0 0 0 0 0 1 0 12 0 20 2 0 5 1 2 16 2 162735 0 0 2 4 0
105 ATG 2 0 2 2 3 7 7 0 0 9 3 0 10 0 162574 2 4 1 0 35 1 0 0 0 6 0 7 0 4 5 3 0 0 0 0 0 2 0 0 0 0 0 0 2 0 0 55 0 2 2 0 1 5 1 0 0 5 8 0 4 0 0 3 0
106 AGG 0 0 16 0 0 1 0 0 24 0 162641 2 0 0 17 0 1 1 0 0 0 1 1 4 1 27 2 2 0 0 0 1 0 0 0 1 3 0 1 1 0 0 55 0 0 0 0 0 1 0 0 0 1 1 0 1 0 2 6 0 0 0 0 0
107 GAA 28 1 0 0 0 3 1 0 0 0 0 0 0 0 0 0 10 3 1 0 0 0 0 1 0 3 1 0 1 1 0 0 162696 13 10 1 0 0 1 0 11 0 1 0 0 0 0 0 2 0 1 1 1 0 0 0 0 2 0 0 0 1 0 0
108 CTC 0 0 0 0 5 7 0 2 0 0 0 0 0 2 1 0 0 19 4 0 0 32 0 0 2 1 0 0 7 162758 0 12 0 0 0 0 0 0 0 0 0 0 0 7 0 5 0 1 0 0 0 0 1 0 0 1 5 1 1 2 0 9 1 0
109 GTC 0 0 0 0 1 0 0 0 0 2 0 0 0 38 1 0 4 1 0 1 0 2 0 0 1 3 3 0 0 0 4 1 0 2 0 0 0 35 0 0 0 1 0 0 264 162432 0 28 1 0 6 0 0 0 0 0 0 1 0 0 1 5 0 2
110 CTT 0 0 0 0 0 4 3 0 0 0 0 0 0 0 0 6 0 0 1 1 2 1 1 6 0 1 1 3 1 2 22 162847 0 0 0 0 1 1 0 0 0 0 0 1 1 0 0 1 3 0 0 0 0 0 0 0 0 0 0 0 2 0 0 2
111 TAT 0 0 0 0 2 1 0 1 0 0 0 0 0 12 1 0 0 7 0 27 1 0 0 0 0 1 0 0 9 0 0 0 0 0 0 0 0 2 1 0 0 0 0 0 4 0 1 0 5 98 3 162714 2 2 0 3 1 1 46 14 1 5 6 5
112 GAC 0 35 2 0 1 0 2 3 0 0 0 1 1 0 0 0 0 2 0 2 0 7 7 1 0 1 3 1 0 1 1 0 3 162695 3 5 0 0 0 0 1 21 0 0 0 0 2 0 0 3 4 0 0 4 0 0 1 0 2 2 2 0 1 0
113 AAA 162851 2 24 1 5 0 0 1 4 0 0 0 0 0 0 0 1 3 0 0 2 0 0 0 0 0 2 0 3 1 0 0 10 1 0 0 0 1 0 0 0 0 0 0 0 0 0 0 3 0 0 0 0 0 0 0 1 0 3 1 0 1 0 0
114 GAA 17 14 0 1 0 0 0 0 1 0 2 1 0 0 0 0 0 5 1 4 2 1 1 1 0 1 0 0 0 0 0 1 162784 5 21 5 1 16 0 0 12 1 1 0 2 0 0 0 1 7 1 0 0 10 5 0 0 3 0 3 0 2 0 2
115 GAA 13 5 0 1 0 0 0 0 0 0 1 0 0 0 2 0 0 8 0 2 0 0 1 0 0 1 0 1 1 0 0 0 162882 1 6 0 0 0 0 0 13 1 0 1 0 0 1 0 1 1 0 0 0 0 0 0 0 0 0 0 1 0 0 0
116 ATA 0 0 3 0 10 0 0 0 0 0 0 0 162727 3 42 13 0 1 0 1 0 0 0 0 0 0 0 1 1 1 0 13 0 1 1 0 4 1 0 1 1 0 0 0 55 44 12 1 0 1 0 0 2 0 0 0 0 1 0 1 1 1 1 0
117 AGG 0 2 18 0 0 3 1 1 11 1 162608 3 1 1 12 3 6 2 17 3 0 0 0 0 4 1 9 2 0 1 0 0 0 1 0 0 2 0 0 0 0 0 27 0 0 0 0 3 0 4 1 0 0 1 1 1 0 1 1 21 0 0 1 0
118 CGA 0 0 0 0 0 2 0 0 9 0 0 0 0 0 0 0 16 3 0 0 0 0 2 0 160727 0 22 2 0 3 0 1 1 3 0 0 0 1 0 1 1 0 0 0 2 0 0 0 0 0 0 0 3 1 0 0 10 0 0 0 0 0 0 0
119 ATC 0 2 0 0 0 3 1 0 1 0 0 0 16 160202 0 10 0 0 0 0 0 0 0 0 0 0 0 0 0 0 0 0 0 0 0 0 0 1 1 0 0 0 0 0 0 10 11 0 0 0 0 0 0 0 0 0 0 1 1 0 0 4 0 0
120 TGG 0 0 0 0 0 0 1 0 0 3 2 0 1 0 1 0 4 0 1 1 1 4 0 1 0 0 20 0 0 0 0 0 0 1 0 0 0 1 1 0 2 3 2 1 0 0 1 0 0 0 9 0 1 0 0 0 16 1 161365 1 1 0 6 1
121 CGC 0 0 1 0 0 3 1 4 0 3 2 0 1 5 0 3 0 46 2 1 0 8 1 0 4 161027 9 8 0 3 0 0 0 3 0 0 0 2 1 0 0 1 5 0 1 1 0 0 0 1 6 4 0 2 0 1 3 35 0 1 0 1 0 0
122 CAA 5 0 0 0 8 2 4 8 1 2 3 1 7 0 0 9 159113 17 46 0 4 0 1 2 15 2 19 1 7 14 0 0 1 0 4 1 3 1 5 4 4 0 2 1 6 3 100 3 9 0 1 1 0 0 3 0 2 2 1 0 0 0 25 0
123 GCC 1 3 0 1 0 30 1 0 0 48 1 1 0 0 0 0 0 0 0 0 0 3 0 0 0 1 2 1 2 0 0 0 0 2 1 2 6 159572 0 10 1 0 2 3 4 22 1 0 0 0 0 0 0 8 3 0 10 2 0 0 1 1 0 0
124 AAT 2 7 1 136590 0 0 1 2 0 0 0 3 0 0 0 0 0 0 0 4 0 0 0 2 0 0 0 0 0 0 0 1 0 0 0 13 0 0 0 0 2 0 0 1 1 0 0 0 4 0 1 2 0 2 4 0 0 2 1 0 2 0 0 2
125 AAT 2 13 1 129485 0 2 0 1 1 5 2 4 0 2 0 2 0 11 1 12 2 1 0 0 1 2 1 0 0 0 0 0 0 0 2 13 2 2 0 0 2 0 1 5 0 0 0 0 0 6 2 12 3 2 2 0 1 4 2 12 4 26 0 2
126 GGT 5 3 7 1 1 0 10 1 0 0 1 13 0 0 0 1 5 3 7 0 5 2 0 0 2 0 0 3 4 1 6 4 0 0 0 5 1 1 1 2 1 10 55 123964 0 1 1 1 0 0 0 0 9 2 0 0 0 0 1 1 0 2 2 0
127 GAT 7 2 13 45 1 2 2 1 12 3 44 0 24 11 0 17 3 3 1 10 2 0 3 0 2 10 0 0 3 11 0 0 10 33 6 119987 43 8 4 1 0 4 1 10 10 15 0 0 1 4 2 10 29 0 0 7 0 1 1 4 2 0 0 6
128 GAT 21 42 6 15 50 6 25 1 6 6 0 4 2 0 4 3 5 1 3 0 0 1 0 3 0 1 0 2 14 0 6 0 4 8 30 133448 4 3 1 6 0 0 2 9 2 0 9 9 2 0 2 1 12 3 13 1 0 1 4 0 1 2 0 1
129 GCA 12 3 0 0 40 6 2 0 0 16 0 0 1 1 1 0 0 0 0 0 0 0 1 0 3 14 1 0 0 4 0 4 2 0 1 1 150437 9 27 9 6 6 3 0 17 4 0 2 1 0 15 1 3 2 2 33 1 0 0 0 1 0 3 0
130 ACA 44 1 6 4 155910 31 22 9 6 1 0 1 21 0 0 4 0 2 3 7 2 4 1 1 2 0 14 8 1 0 5 0 0 0 0 1 9 0 7 1 1 0 0 0 1 2 13 0 2 1 0 0 2 0 0 0 0 0 3 0 1 1 6 2
131 GCT 0 0 0 1 2 0 4 19 1 8 0 10 0 0 0 0 1 3 0 17 0 18 2 10 0 0 0 0 0 0 2 0 0 0 0 3 9 21 3 148504 0 0 5 6 1 4 0 14 4 2 1 0 0 1 1 8 0 0 0 0 0 0 0 1
132 GGT 2 0 0 0 1 0 0 0 0 2 3 12 0 1 0 0 0 0 2 0 0 0 0 0 0 1 0 1 0 0 0 0 0 0 1 3 0 0 0 1 2 49 264 145325 0 1 0 2 5 1 0 0 0 0 0 0 0 0 0 2 0 0 0 0
133 CTG 0 5 0 0 4 0 0 0 1 0 0 0 5 0 6 0 1 0 2 0 0 0 23 0 0 0 2 0 64 8 150700 10 0 0 1 0 0 0 0 0 0 0 0 1 3 0 1 0 1 0 1 1 0 0 0 0 0 0 0 1 5 0 17 0
134 ACT 0 0 1 3 31 97 4 137333 0 4 0 1 0 0 0 8 0 0 1 2 0 1 0 1 0 1 0 1 4 1 0 0 0 0 0 0 2 9 1 14 0 0 0 1 0 4 0 6 0 0 0 0 2 1 0 11 0 0 0 3 0 0 0 0
135 CAC 1 6 0 0 0 0 0 1 0 0 3 2 0 0 0 0 1 142544 1 16 2 4 0 0 0 13 0 0 0 4 0 0 2 0 2 0 0 0 0 0 1 0 0 0 0 1 0 0 3 4 8 0 0 0 1 1 0 0 2 0 0 1 0 0
136 ATG 0 2 0 0 5 1 15 0 0 0 1 0 11 19 146117 75 0 2 0 3 1 2 1 1 0 2 1 0 9 24 1 0 0 0 1 0 1 2 0 0 0 6 0 0 0 1 34 1 2 0 1 1 3 0 1 0 2 1 0 2 7 0 54 0
137 ATG 0 0 0 3 0 0 11 0 0 0 1 0 12 0 131494 3 2 0 1 0 0 1 2 1 0 0 0 0 0 1 0 0 0 1 0 1 0 0 2 0 0 2 0 0 0 0 15 0 0 0 2 0 0 1 1 0 0 0 1 0 0 0 1 1
138 ATC 0 1 0 1 0 5 0 0 1 0 0 1 0 126475 2 15 0 2 1 2 0 0 0 0 0 0 0 0 8 0 4 1 0 1 0 0 0 1 0 1 0 0 0 0 0 4 0 0 1 1 0 0 0 0 0 0 1 1 0 0 0 0 0 0
139 TGG 0 0 0 0 0 0 0 0 0 0 1 0 0 0 1 0 0 0 1 0 0 1 2 0 1 0 23 0 0 0 0 0 0 0 0 0 0 0 0 0 1 0 5 0 0 0 0 0 0 0 10 0 0 1 0 0 26 0 154239 2 0 0 3 0
140 CAT 1 0 0 2 0 0 0 2 0 0 0 0 0 1 0 0 3 6 0 162525 0 0 0 2 0 0 0 2 0 1 0 0 0 0 0 0 2 1 0 0 0 2 0 0 0 0 1 0 0 0 2 16 0 2 0 0 0 0 0 1 0 0 0 0
141 TCC 0 0 0 0 0 0 0 0 0 1 0 6 0 0 0 0 0 0 0 0 2 20 0 0 0 0 0 4 0 0 0 1 0 1 0 0 0 0 0 0 0 0 1 0 0 0 0 0 4 1 0 0 7 162624 18 34 1 1 0 0 0 1 0 0
142 AAT 0 10 4 162409 0 0 0 0 0 2 0 3 1 0 0 1 0 0 0 1 0 1 0 1 0 0 0 0 0 1 0 0 3 0 0 12 0 2 0 0 0 0 2 1 0 2 0 0 0 0 0 1 0 0 1 1 5 0 0 0 2 1 0 0
143 TTG 1 0 0 0 1 0 0 0 0 1 0 0 1 0 0 0 2 0 0 0 1 0 0 0 0 0 0 0 4 0 7 0 0 0 0 2 0 0 0 0 1 0 0 0 1 0 1 0 2 0 0 0 0 0 9 0 0 0 0 0 20 0 162565 2
144 AAT 1 11 2 162300 0 0 0 4 0 0 0 4 1 0 2 1 0 2 0 1 0 0 0 5 0 3 0 0 0 1 0 0 0 0 1 22 1 0 1 1 0 0 0 0 2 0 0 0 1 0 1 1 0 1 0 0 0 0 1 0 0 0 0 0
145 GAT 0 0 0 10 0 0 0 0 0 0 0 0 0 0 0 0 0 0 1 0 0 2 0 1 0 0 0 0 1 1 0 0 0 26 0 162681 0 0 0 0 0 0 1 4 0 0 0 1 0 0 0 2 2 0 0 0 1 0 0 0 0 0 0 0
146 ACA 3 0 0 0 162519 65 29 2 0 1 0 1 11 1 0 0 0 0 1 0 0 2 0 0 0 0 0 0 1 0 0 0 0 3 0 0 73 5 1 0 0 0 1 1 0 0 0 0 0 0 0 0 2 4 1 0 0 0 0 0 0 0 0 0
147 ACA 3 0 0 0 162734 5 7 0 0 0 0 0 4 0 0 0 1 0 0 0 0 0 2 2 0 0 0 2 0 0 0 0 0 0 0 0 11 2 0 3 2 0 0 0 0 0 0 0 0 1 0 0 1 0 0 0 0 0 0 0 0 0 0 0
148 TAC 1 2 0 0 0 0 0 0 0 0 0 0 1 0 1 0 0 7 0 0 0 0 0 0 0 0 0 0 0 0 0 0 0 3 0 0 0 0 2 0 0 0 0 0 0 0 0 0 2 162734 0 7 0 2 1 0 0 9 1 0 0 1 0 0
149 CAG 0 2 0 0 0 0 0 0 0 0 0 0 0 0 0 0 11 1 162398 1 0 1 3 0 0 1 27 2 0 1 1 0 0 0 2 0 0 0 1 0 0 0 0 0 0 0 3 0 0 0 21 0 0 1 0 0 0 0 0 0 0 0 0 0
150 AGG 0 0 17 0 1 0 0 0 14 0 162646 0 0 0 1 0 0 0 0 2 0 0 0 0 0 5 38 0 0 1 0 0 0 0 0 0 0 0 0 0 0 0 31 0 0 0 1 0 0 0 1 0 2 0 0 0 0 0 1 1 0 0 0 0
151 ACA 0 0 0 0 162639 7 54 26 2 1 0 0 1 0 0 0 0 0 0 0 2 3 1 0 2 0 0 0 0 0 0 1 0 0 0 0 11 0 1 0 0 0 0 0 0 0 0 2 5 0 1 1 0 0 0 1 8 0 0 0 0 0 0 0
152 AGA 18 0 5 0 0 0 0 0 162309 2 18 2 4 0 0 0 0 0 1 0 3 1 6 0 53 5 36 21 0 0 0 0 0 0 0 0 0 1 0 0 20 1 0 1 0 0 1 0 0 0 8 0 0 0 0 0 8 0 0 0 2 0 0 1
153 GCT 0 0 1 0 0 0 0 23 3 0 1 1 0 0 2 1 6 0 2 2 0 3 0 2 1 0 1 0 2 0 0 0 0 3 0 2 8 17 2 162616 1 0 2 1 0 0 0 9 0 0 1 1 0 0 2 3 1 1 2 0 1 0 0 1
154 CTT 1 1 0 0 0 1 1 1 2 0 1 8 0 2 3 7 1 1 0 0 0 0 2 9 0 0 0 1 7 36 5 161636 2 0 0 1 0 0 0 0 0 0 4 0 1 0 2 0 3 0 4 0 1 0 0 0 1 1 0 2 19 1 32 1
155 GTT 8 1 3 2 4 5 1 19 0 0 2 0 2 2 1 13 0 5 0 1 0 0 0 0 17 1 0 3 5 0 2 5 1 0 0 1 2 0 1 6 5 0 5 1 23 17 0 159909 2 1 2 4 3 0 0 0 9 4 0 0 1 0 0 1
156 CGC 0 0 0 0 1 3 0 1 24 3 4 0 2 0 0 0 0 71 0 0 1 1 1 0 6 158178 23 31 0 4 4 0 0 0 0 0 1 2 4 1 1 1 0 5 0 0 0 0 4 2 0 2 0 0 0 2 3 20 0 0 0 1 0 0
157 ACC 1 2 0 2 31 159704 162 70 0 4 0 9 16 43 9 2 5 0 7 0 1 2 6 0 1 0 0 0 0 21 0 0 0 1 0 0 10 14 6 0 0 1 11 1 15 18 30 14 1 0 6 0 0 20 28 0 3 1 0 1 3 0 8 18
158 GGC 0 0 1 0 0 0 0 1 0 43 3 0 0 0 0 1 4 1 0 1 2 1 0 0 3 2 0 0 4 0 0 1 1 49 0 0 0 3 0 0 27 162334 109 20 1 3 5 0 1 0 2 0 1 3 2 0 2 6 0 0 0 0 2 1
159 ATG 0 1 3 1 0 1 11 3 0 0 5 0 12 0 162598 11 0 1 0 0 1 0 1 0 1 1 0 0 0 47 4 4 3 0 0 0 0 0 0 1 3 1 1 0 0 1 16 0 29 0 1 0 0 0 1 0 0 2 1 0 46 0 48 1
160 GAT 0 1 1 16 1 0 0 0 0 0 5 0 10 2 3 0 0 0 2 2 0 3 0 1 0 0 0 0 0 0 1 0 25 21 0 162654 1 1 0 0 0 1 3 10 1 0 2 1 1 0 1 3 0 0 0 1 1 1 0 6 4 6 0 0
161 CCC 1 4 8 2 2 2 0 0 1 0 1 1 0 0 0 0 0 4 0 0 72 161346 6 14 10 2 16 3 1 5 0 0 0 0 4 0 19 11 31 2 1 3 4 13 0 1 17 2 1 1 4 0 17 72 14 0 1 2 0 1 1 0 0 0
162 AGG 8 1 19 2 0 0 0 0 211 6 162320 2 3 5 5 0 0 0 0 4 0 7 2 0 3 0 11 2 1 0 1 0 0 0 1 0 1 3 0 0 1 0 42 0 2 1 5 0 4 1 0 0 2 0 4 1 1 0 3 2 2 0 0 2
163 ATG 1 3 4 0 11 5 1 10 0 3 1 0 16 0 162717 5 0 1 0 0 0 0 0 0 1 0 1 0 1 1 3 5 0 0 3 0 1 1 1 0 0 0 0 0 0 0 17 12 0 0 2 0 3 2 0 0 0 2 0 8 1 0 16 0
164 TGC 3 1 2 9 6 1 0 6 0 4 1 0 8 0 3 0 1 0 2 2 0 4 3 2 1 15 4 0 0 0 0 0 0 0 0 0 25 5 6 12 1 9 2 0 6 12 8 1 1 77 2 0 1 2 0 0 2 162511 2 42 0 3 1 0
165 TCT 2 16 0 48 16 12 0 4 0 3 0 6 0 0 0 0 2 0 0 1 3 14 0 20 0 0 0 0 0 0 2 0 0 5 1 1 5 7 10 2 2 2 4 6 1 0 0 0 1 0 4 3 6 60 5 162497 0 3 0 18 3 0 3 2
166 CTG 1 1 2 1 1 0 0 1 1 1 4 0 2 0 18 13 0 1 9 0 1 0 23 0 0 0 0 0 12 20 162687 8 1 0 0 0 0 0 0 0 0 0 2 1 0 0 0 0 2 0 1 1 1 0 0 1 2 1 3 1 0 0 27 0
167 ATG 0 5 2 1 0 3 4 0 0 0 0 0 36 2 162700 4 2 1 0 0 1 0 2 1 0 0 5 1 37 0 33 3 0 0 0 0 0 0 0 1 0 0 2 0 2 0 8 3 1 0 1 0 1 1 0 0 4 2 0 2 0 0 8 0
168 CAG 1 2 5 1 5 0 0 1 1 1 0 5 8 0 1 1 42 0 208136 7 4 3 11 0 8 12 40 4 0 0 9 2 0 0 4 0 3 2 36 3 0 0 0 0 0 1 0 0 1 0 50 1 5 2 1 8 6 1 0 2 0 0 1 3
169 GGT 1 0 0 0 0 0 1 1 0 0 0 10 1 0 1 2 0 1 0 3 1 0 2 0 0 0 0 1 3 0 0 0 1 0 1 20 0 0 1 0 30 22 83 207493 0 0 3 3 15 0 1 0 0 1 0 0 0 0 0 3 0 2 0 0
170 TCG 0 2 1 0 0 1 1 0 0 0 0 3 0 0 0 0 0 0 0 0 0 0 14 3 0 3 0 0 0 2 0 0 0 3 0 0 3 2 0 1 0 0 0 2 0 2 0 0 0 1 1 0 53 2 207616 80 3 2 6 0 0 0 37 0
171 ACT 0 1 0 5 2 19 2 208375 0 0 0 0 0 0 1 5 1 0 0 1 2 3 1 1 0 0 2 0 0 0 0 1 0 0 0 0 0 0 0 20 0 2 1 0 0 0 0 3 0 0 0 0 0 2 2 2 2 0 1 0 0 0 0 0
172 CTC 0 0 0 0 17 0 0 0 0 0 0 0 0 10 0 4 2 2 0 0 0 29 0 0 0 2 2 0 7 208263 27 8 0 0 0 0 0 1 0 0 2 0 0 3 1 2 0 0 2 1 0 1 0 1 0 0 0 0 3 3 0 7 1 0
173 CCT 1 1 0 6 2 3 0 8 1 0 0 0 0 7 0 1 2 1 0 15 57 82 569 207717 0 2 2 0 0 1 1 5 0 0 0 0 5 3 0 6 2 0 4 0 0 1 0 0 0 0 1 0 0 11 2 16 1 0 2 1 1 0 2 0
174 AGG 1 4 12 0 0 0 0 0 9 0 208433 1 0 0 2 1 0 0 0 0 0 0 5 0 3 1 16 0 0 2 0 1 0 0 0 0 0 0 0 0 0 2 23 0 0 0 0 1 23 1 3 0 0 2 0 7 1 0 0 1 0 0 0 2
175 AGG 0 3 27 1 1 1 0 0 16 4 208126 1 3 0 2 3 0 0 0 0 0 0 0 0 2 0 6 18 0 0 0 0 0 0 0 0 0 0 0 1 3 0 16 3 0 0 1 0 0 0 1 0 0 0 0 0 10 0 1 0 0 1 0 0
176 TCT 0 2 0 0 0 0 1 6 0 0 0 1 2 0 1 0 0 0 0 0 0 2 0 12 0 0 0 0 1 0 0 1 4 0 0 0 1 0 5 2 0 4 0 0 0 0 0 1 2 0 0 1 2 191 12 208329 0 1 0 2 1 0 0 2
177 GGA 0 0 1 0 0 0 0 0 12 0 0 0 0 0 0 0 0 6 1 0 0 2 0 0 1 0 0 0 0 0 0 0 10 0 0 0 0 0 0 0 208346 0 20 22 0 0 0 0 0 0 1 1 5 0 0 0 5 1 0 0 1 0 0 0
178 GCT 9 4 0 3 0 0 0 34 0 0 0 0 0 0 1 5 0 3 10 0 4 24 1 4 0 6 2 0 0 13 5 3 1 0 0 8 5 79 9 207771 0 0 3 0 0 0 0 27 4 0 1 2 1 0 0 5 0 1 1 0 0 0 2 0
179 GCA 2 0 0 0 118 0 0 0 0 0 0 0 1 0 0 0 0 1 0 0 6 0 0 0 0 1 0 1 0 1 0 0 2 0 4 0 207082 94 217 26 1 0 1 0 45 0 0 0 3 0 0 0 1 0 2 6 0 0 0 4 0 0 0 2
180 GGC 0 0 0 0 0 4 1 0 0 14 0 0 0 2 0 0 0 0 0 2 0 0 0 0 0 0 0 1 0 0 0 0 0 18 0 0 0 1 0 0 4 207696 14 55 0 0 0 1 0 0 0 0 0 0 0 0 4 12 0 0 0 0 0 0
181 GCT 0 0 0 2 10 0 1 85 0 3 1 4 0 0 0 0 2 11 1 0 0 4 1 3 0 2 8 3 0 3 1 0 3 1 1 7 5 128 14 207006 0 1 3 0 2 0 0 9 0 0 7 0 0 0 1 7 2 0 11 0 0 2 1 3
182 GCA 0 0 0 16 110 1 0 1 0 5 0 0 0 0 0 1 0 4 0 0 0 2 0 0 0 1 0 3 0 1 0 0 1 1 0 0 207127 46 30 12 0 2 8 1 103 1 2 0 0 0 0 1 5 1 2 0 0 0 0 2 0 0 0 0
183 GTC 0 0 0 6 2 13 1 0 0 1 0 2 2 32 3 0 2 0 5 1 4 3 5 5 0 2 0 0 0 8 0 0 0 1 0 0 1 11 1 0 0 4 0 0 4 207986 14 33 0 3 0 0 8 0 0 0 1 0 0 1 0 4 1 0
184 AAA 208061 22 87 19 3 0 0 0 6 1 0 0 1 1 0 0 0 0 1 1 0 2 0 0 1 1 2 0 0 0 0 0 17 0 4 0 0 1 0 0 0 1 1 0 0 0 3 1 9 0 1 0 1 0 1 0 3 0 0 0 1 0 0 0
185 GGA 1 0 0 2 0 0 1 0 23 1 0 0 0 1 1 0 0 2 0 0 1 0 0 9 0 1 0 1 0 0 2 0 15 1 0 0 0 0 0 0 208431 14 26 23 2 0 3 0 8 0 3 0 1 0 0 0 16 0 0 0 0 0 1 0
186 GTT 0 0 0 2 1 2 3 1 0 0 0 4 21 53 2 69 4 0 0 0 0 0 0 2 0 1 0 0 1 2 0 1 0 0 3 0 1 1 3 6 0 0 2 0 30 21 16 208328 4 1 1 4 1 0 0 0 0 2 0 2 0 0 2 3
187 GGG 1 1 0 0 2 1 0 0 0 1 10 1 0 0 0 0 0 0 0 3 0 1 0 1 0 0 0 0 1 1 0 0 0 0 17 0 1 0 0 0 30 4 208152 2 0 0 7 0 0 0 1 0 0 0 4 0 1 3 4 0 0 0 1 0
188 ACA 0 3 3 1 208332 9 52 2 1 0 0 0 2 0 0 0 1 0 2 0 0 1 4 0 0 1 0 0 0 0 0 0 0 0 0 0 18 2 0 0 0 2 0 0 0 0 2 3 0 1 0 0 4 0 4 0 0 0 0 0 0 1 0 0
189 ATG 1 0 1 1 0 0 16 0 0 0 6 0 36 0 208326 31 1 5 5 0 2 0 1 0 0 1 2 0 17 14 18 1 0 0 3 3 0 0 0 0 17 1 0 0 1 0 29 0 4 1 4 0 1 2 0 1 0 19 0 17 2 1 5 2
190 GTG 0 1 0 7 3 4 0 0 0 6 0 0 0 8 5 0 0 0 3 5 0 0 1 0 0 0 3 0 0 0 1 0 0 0 0 0 0 1 21 0 0 3 8 0 58 16 208189 1 0 0 0 0 2 0 7 4 0 7 0 6 1 2 4 0
191 ATG 0 0 1 1 0 0 8 0 0 0 3 1 12 0 208323 6 0 2 2 0 0 3 0 2 0 1 0 0 0 3 3 0 0 0 0 0 1 0 0 4 1 0 0 0 0 0 18 0 2 1 0 2 0 0 1 0 1 0 2 0 19 0 4 3
192 GAG 0 0 11 0 0 0 0 0 0 0 0 0 0 0 0 3 0 0 0 2 0 0 0 0 0 0 1 0 0 2 5 0 60 0 208445 9 0 0 4 2 0 1 23 0 2 0 6 0 2 0 6 0 0 0 0 0 0 0 0 0 0 0 1 0
193 TTG 0 0 0 1 1 0 0 0 0 0 0 0 0 0 0 1 0 0 0 0 0 0 2 0 0 0 0 0 2 1 50 0 0 1 1 2 2 0 1 0 0 0 5 0 2 0 0 3 5 0 3 1 0 1 18 0 1 0 0 3 33 4 208447 10
194 ATA 3 2 0 0 21 3 0 2 1 0 2 0 208460 15 24 17 3 2 1 0 0 5 0 2 0 0 0 0 0 1 1 2 0 0 0 0 4 6 1 2 1 1 0 0 13 2 1 4 3 0 2 0 0 0 0 0 0 2 0 2 1 0 0 1
195 AGG 0 0 15 0 0 3 1 4 26 0 208422 1 0 0 15 0 1 0 0 1 0 0 0 1 14 5 17 12 0 0 6 0 0 1 0 0 0 2 1 0 0 0 24 0 0 0 0 1 1 0 0 0 2 0 0 0 1 0 6 0 0 0 0 0
196 ATG 1 0 0 0 0 0 12 1 0 1 1 0 17 1 208466 3 3 2 0 0 3 7 2 0 0 0 1 0 0 7 5 0 1 0 0 0 6 0 0 0 0 0 1 0 0 0 18 1 1 0 0 3 2 0 0 0 1 0 7 0 0 0 2 0
197 ATC 0 1 0 1 0 17 49 0 1 2 0 1 24 208234 0 92 0 0 0 0 0 1 0 0 0 4 0 0 0 0 0 0 0 0 0 0 1 5 0 0 2 9 0 2 1 32 43 15 2 0 3 0 0 0 0 0 0 0 0 0 1 0 0 0
198 AAA 208573 4 14 0 0 2 0 0 15 0 0 0 1 0 0 0 2 0 0 0 0 0 0 1 0 0 0 0 0 0 0 0 15 1 0 0 0 0 0 0 0 0 0 0 1 0 0 0 3 0 10 0 0 0 1 0 0 0 0 0 2 0 0 0
199 CGT 2 0 0 0 2 0 0 0 1 0 7 8 0 0 1 0 5 2 1 20 0 4 1 0 0 7 14 208469 1 0 0 1 0 0 0 0 0 0 2 0 0 0 1 2 0 4 0 0 1 0 0 0 0 1 0 0 2 0 0 16 0 0 0 0
200 GGG 3 2 0 0 5 5 8 1 0 0 32 0 0 0 1 0 0 0 1 0 0 2 0 1 0 1 1 0 0 0 0 0 0 0 24 0 0 4 1 0 66 5 207068 1 0 0 3 0 3 0 0 2 0 0 0 1 0 1 13 0 0 0 2 0
201 ATC 11 1 0 0 0 21 1 1 1 2 1 2 8 208382 1 6 0 3 0 0 0 0 3 3 0 0 0 1 0 2 8 10 0 0 0 0 2 0 0 0 1 2 2 2 0 41 38 10 0 1 0 0 0 0 0 2 0 0 1 2 1 1 1 0
202 AAT 1 85 0 208316 0 4 2 6 0 0 0 21 0 2 0 12 4 2 0 1 2 8 2 0 1 2 0 0 0 0 0 0 0 0 1 48 2 1 9 0 0 0 4 0 15 0 0 0 0 0 0 2 0 1 0 0 0 1 7 0 0 0 12 15
203 GAT 4 0 0 8 1 0 0 0 0 0 0 0 0 0 0 0 0 5 0 0 0 0 0 0 0 0 0 0 0 0 0 0 2 17 2 208526 0 0 0 2 0 1 0 14 0 0 0 0 0 0 1 1 1 0 0 0 0 0 0 0 1 0 0 1
204 CGG 0 1 0 0 4 0 0 0 6 0 64 0 1 0 0 0 1 0 24 0 0 0 0 0 34 23 208104 16 0 0 4 0 0 5 0 0 0 0 1 2 0 1 1 1 0 0 0 0 2 0 0 0 0 0 0 0 1 0 23 0 0 3 0 1
205 AAC 8 205675 1 9 2 3 0 0 0 11 0 2 23 0 0 0 0 3 0 1 0 1 0 1 0 0 0 0 0 0 0 1 0 10 0 0 20 1 0 7 0 0 0 0 0 0 0 1 1 7 0 1 5 1 2 0 0 1 0 0 0 1 2 3
206 TTC 0 0 0 1 0 7 0 2 0 1 1 0 12 2 0 0 1 1 2 0 0 4 0 0 0 1 3 2 0 13 0 2 0 0 0 0 0 2 1 1 0 0 0 0 0 2 0 0 0 0 0 0 0 13 0 0 1 3 0 0 4 208269 2 13
207 TGG 0 2 0 1 0 0 0 0 0 0 1 0 0 0 0 0 0 4 0 1 0 0 0 0 0 0 21 0 0 0 0 0 0 0 0 0 1 0 0 0 0 0 2 0 0 0 0 0 0 1 15 1 0 0 1 0 9 0 208244 2 0 7 6 23
208 AGA 13 0 0 0 4 0 0 1 206107 0 108 1 0 1 1 0 0 2 0 1 0 2 1 3 41 26 1 0 0 2 1 1 0 0 0 0 0 0 0 0 20 0 0 0 0 0 0 0 1 0 3 0 0 1 0 0 4 0 0 0 0 0 0 0
209 GGT 0 0 0 0 0 0 0 0 0 0 0 18 0 1 0 0 1 0 0 0 0 0 1 0 0 0 2 1 0 0 0 0 0 0 0 9 0 2 3 1 20 49 156 180038 0 0 2 3 0 0 1 0 0 0 0 0 0 0 0 8 0 0 0 0
210 GAA 23 0 0 1 0 1 0 0 0 17 0 0 0 0 0 0 0 0 2 0 2 0 4 0 0 0 0 0 4 0 0 0 204268 5 10 3 1 0 0 0 17 0 2 0 1 0 1 0 5 0 0 0 0 0 0 0 0 1 0 2 0 0 2 0
211 AAT 2 11 1 191462 2 0 0 19 0 77 0 11 0 82 0 2 0 5 2 2 0 10 0 5 1 1 0 0 3 0 0 0 0 2 74 10 4 0 3 0 0 32 23 0 0 33 12 10 2 3 1 0 0 0 38 1 2 3 3 15 0 4 87 0
212 GGA 0 0 0 0 0 3 0 6 40 0 0 0 0 0 0 0 0 0 0 0 0 0 0 0 1 0 2 0 3 0 0 0 14 0 1 0 0 6 0 0 191566 5 45 30 4 0 0 3 0 1 3 0 0 4 0 0 11 0 2 0 0 0 3 0
213 CGA 0 0 0 0 1 0 0 0 6 1 8 0 1 1 0 0 31 4 0 0 1 1 0 0 191517 26 17 3 4 2 0 0 0 0 0 0 0 0 0 0 0 0 0 0 0 1 1 1 0 0 2 0 1 2 1 0 36 0 0 0 1 0 0 2
214 AAA 199268 4 20 0 2 0 5 0 22 0 9 0 0 0 0 0 0 1 3 0 0 2 0 3 5 1 1 1 1 1 3 2 2 0 2 0 0 0 0 2 0 0 11 2 0 3 3 0 1 0 1 0 0 2 0 0 3 0 2 0 0 0 0 0
215 ACA 0 2 0 0 202382 26 38 28 0 0 0 0 7 0 0 0 2 0 1 0 53 0 0 2 2 0 0 1 0 0 0 0 0 2 2 0 23 17 1 0 1 1 1 20 0 1 2 0 0 0 0 1 0 0 0 11 0 0 0 0 1 0 0 0
216 AGG 1 0 22 0 0 0 1 6 34 0 195140 0 0 0 20 0 0 0 0 0 0 0 0 0 0 0 13 0 0 1 0 0 0 0 0 0 1 0 0 1 0 0 50 0 0 0 0 0 0 0 0 1 0 1 0 0 3 0 4 1 0 0 0 0
217 AGT 0 8 1 56 4 15 21 6 5 22 3 179291 0 0 0 3 1 1 0 2 0 2 1 0 1 1 0 6 0 2 4 0 3 0 2 0 0 11 1 7 2 0 1 21 0 0 2 0 0 2 0 0 0 0 13 0 0 0 1 0 9 2 0 1
218 GCT 0 0 0 0 0 1 0 46 0 63 0 6 0 0 0 1 0 0 0 0 0 0 0 0 1 0 0 0 0 0 10 0 1 0 0 8 1 36 2 179727 0 1 0 0 0 0 0 11 0 1 0 0 0 0 0 3 0 0 0 0 0 0 0 0
219 TAC 0 2 0 0 0 0 0 1 0 0 0 0 0 0 1 0 0 9 0 0 4 0 0 1 0 1 0 0 0 1 0 1 0 0 0 0 0 0 1 0 1 0 0 0 0 0 0 0 6 191934 5 26 0 0 0 0 0 12 0 3 0 0 0 0
220 GAG 0 0 12 2 89 0 2 0 0 0 0 0 0 0 0 1 0 0 0 0 0 0 0 0 0 0 0 0 0 0 0 0 6 0 186751 4 0 0 0 0 0 3 14 0 0 0 2 0 0 0 2 0 0 0 1 0 1 0 0 0 0 0 0 0
221 AGA 32 0 3 0 0 0 0 0 193910 0 8 1 0 0 0 0 0 0 4 2 0 0 0 0 2 0 0 0 0 0 0 0 0 0 0 0 0 0 0 0 12 0 0 0 0 0 0 0 0 0 0 0 0 0 0 0 0 0 0 0 0 0 3 0
222 ATG 0 0 2 0 0 0 6 10 0 1 5 2 16 0 181156 0 2 0 0 0 0 0 0 0 0 1 1 0 0 3 5 0 0 0 0 0 0 0 0 6 0 2 15 1 0 0 7 0 0 2 0 0 0 0 0 0 0 0 0 3 0 1 0 0
223 TGC 0 0 0 0 0 64 0 0 0 1 0 0 0 0 0 0 0 0 0 0 0 0 0 0 0 9 0 0 0 0 0 0 0 0 0 0 2 0 0 0 0 3 0 0 0 0 0 0 0 26 0 0 0 0 0 0 3 165510 1 56 0 0 0 0
224 AAC 5 170439 1 3 0 1 0 0 0 7 0 0 0 0 0 0 0 1 0 0 0 0 0 0 0 0 0 0 0 0 0 0 0 15 0 0 0 0 0 0 0 0 0 0 0 0 0 0 0 1 0 0 0 0 0 0 0 0 0 0 0 0 0 0
225 ATT 0 0 0 1 0 0 0 14 0 0 0 1 0 14 0 208437 1 0 0 0 0 0 0 0 0 0 0 0 0 0 17 2 0 0 0 0 0 0 0 0 0 0 1 0 0 3 0 5 0 0 0 1 0 0 0 0 0 0 2 0 0 5 0 1
226 CTC 0 0 0 0 0 0 0 0 0 0 0 0 0 2 0 0 0 1 0 0 1 27 0 0 0 0 0 0 1 208421 0 5 0 0 0 0 0 0 0 0 0 0 0 0 0 1 0 0 0 0 0 0 0 0 0 0 0 0 0 1 0 6 0 0
227 AAA 208233 2 62 5 2 0 0 0 9 0 0 0 0 0 0 0 1 0 0 0 0 0 0 0 0 0 0 0 0 0 0 0 12 0 0 0 0 0 0 0 1 0 0 0 0 0 0 0 0 0 0 0 0 0 0 0 0 0 0 0 0 0 0 0
228 GGA 0 0 1 0 2 0 0 0 15 13 0 0 0 0 3 0 0 0 0 3 0 0 0 0 2 0 1 0 0 1 0 0 20 0 0 0 2 11 0 0 208332 6 37 4 6 0 0 0 0 0 0 0 0 0 15 0 2 0 0 2 3 2 0 2
229 AAA 208155 1 9 6 2 0 0 0 8 0 0 0 1 0 0 0 0 0 0 0 0 0 3 0 0 0 1 0 0 0 0 0 10 0 0 0 0 1 0 0 0 0 0 4 0 0 0 0 2 0 1 0 0 0 0 0 0 0 0 0 0 0 0 0
230 TTT 0 0 0 0 0 0 0 0 0 0 0 0 1 0 0 4 0 0 0 0 0 0 0 0 0 0 0 0 0 0 1 13 1 0 1 0 0 0 0 0 0 0 0 1 0 0 1 5 0 7 0 0 0 1 0 4 0 0 0 2 0 23 1 208420
231 CAA 2 0 0 1 1 42 0 1 0 0 0 0 4 0 0 0 208183 3 13 1 1 4 13 6 86 0 1 1 6 1 20 0 1 0 0 0 3 0 1 0 0 1 0 1 1 2 0 0 3 1 0 2 0 0 0 0 1 0 1 0 1 0 1 0
232 ACA 1 0 0 0 208448 4 11 1 2 0 0 0 16 0 0 0 0 4 0 0 2 3 0 0 6 1 0 0 1 0 1 0 0 0 0 0 9 1 1 2 0 0 0 0 0 1 0 3 0 0 0 0 0 0 0 7 3 0 0 0 0 2 0 0
233 GCT 0 1 4 58 2 0 0 26 8 0 0 0 0 1 0 1 4 2 2 0 38 1 5 42 0 1 0 0 0 1 0 0 0 0 1 8 8 23 7 208161 0 6 2 4 6 0 9 25 0 0 0 0 4 0 0 2 0 2 1 4 0 2 0 0
234 GCA 0 0 0 0 80 0 0 1 1 1 0 10 0 0 0 0 0 0 0 0 21 31 15 3 0 0 0 0 1 2 2 0 2 0 0 0 207874 2 18 0 2 0 0 2 26 2 0 0 0 1 2 0 1 0 3 0 0 6 0 3 0 2 0 0
235 CAA 1 3 0 0 0 0 0 0 2 0 3 0 0 0 0 0 208439 3 11 2 5 1 0 1 13 0 0 2 0 2 2 3 3 0 0 0 0 1 0 0 0 1 0 0 0 0 0 0 4 3 1 0 0 0 0 0 0 0 0 0 0 0 0 0
236 AGG 8 0 27 0 0 0 1 0 79 0 208252 0 0 0 6 0 1 0 0 0 1 2 0 1 90 1 23 2 0 0 0 0 0 0 2 1 0 1 0 0 0 2 54 0 0 0 0 1 0 0 0 0 0 1 0 0 0 1 2 1 0 0 0 0
237 GCA 4 0 0 0 48 5 3 0 0 2 0 3 0 0 0 0 0 0 0 2 1 0 0 1 0 1 2 0 6 0 0 0 6 2 0 0 208183 2 23 9 8 0 19 3 54 0 1 0 4 4 5 4 64 1 2 1 0 0 0 0 1 0 1 0
238 ATG 1 0 4 0 0 0 10 1 0 0 6 0 11 0 208180 10 0 0 0 1 0 1 1 0 0 0 1 1 1 4 4 12 0 0 0 1 0 0 1 2 0 0 3 0 1 0 22 3 2 0 1 5 0 1 1 0 1 1 0 5 1 1 1 0
239 ATG 0 1 2 0 4 5 12 14 1 3 0 0 27 2 208260 17 0 0 2 1 0 0 0 0 1 0 2 1 0 2 0 0 0 0 0 0 1 2 58 5 0 1 1 1 3 0 76 0 0 1 4 0 1 0 6 0 0 0 0 0 0 0 0 2
240 GAT 0 2 0 14 0 0 4 1 0 0 0 0 0 1 0 0 38 10 1 12 0 0 0 0 0 0 2 0 0 2 0 0 4 30 1 208311 2 0 1 1 0 0 8 17 5 0 0 0 0 0 0 0 0 2 0 5 0 0 0 0 0 0 0 0
241 CAA 8 0 0 1 1 0 0 1 1 0 1 4 3 0 0 3 208282 5 31 7 4 0 0 0 46 3 2 2 0 2 1 0 1 0 0 0 6 0 1 0 0 1 2 2 0 0 0 0 33 0 0 0 0 1 1 0 0 0 1 0 2 0 1 0
242 GTG 0 0 1 0 0 0 0 0 0 0 11 3 0 0 32 1 0 3 0 0 0 0 1 0 0 0 0 0 0 3 3 10 0 0 2 0 0 1 8 2 0 0 9 0 181 30 208101 41 4 0 0 0 0 0 0 1 0 0 0 0 0 0 6 0
243 AGA 23 0 27 1 1 4 0 1 208198 6 83 4 12 0 0 2 0 3 0 1 1 6 1 1 0 4 5 2 0 4 0 1 0 0 1 0 2 3 0 1 18 8 3 0 1 1 6 0 1 1 0 1 1 0 1 0 2 1 1 3 1 18 3 1
244 GAA 26 1 0 0 1 4 1 4 0 0 0 1 0 1 0 0 1 1 0 0 4 2 2 0 0 7 1 0 0 1 0 4 208483 0 38 1 1 3 0 4 27 1 3 1 0 0 1 1 5 0 10 1 2 0 0 0 0 0 0 0 1 9 0 0
245 AGT 0 1 0 16 1 0 3 0 1 25 1 207707 0 0 0 7 0 0 0 0 3 29 1 0 0 3 0 5 0 0 1 0 0 0 0 0 7 13 33 0 6 5 57 33 0 0 0 0 0 0 0 0 1 5 0 0 0 0 0 6 0 0 0 0
246 CGG 0 1 0 2 0 3 0 0 0 3 9 0 0 0 1 0 0 0 52 0 0 1 0 0 51 0 207126 2 0 0 7 0 0 0 0 0 2 1 2 1 1 1 8 0 0 0 0 0 0 1 0 0 0 0 0 0 0 0 15 1 2 0 1 0
247 AAC 5 208185 2 47 3 6 2 0 1 17 1 0 0 0 0 0 1 0 2 1 0 1 0 6 0 3 1 2 0 0 0 0 0 19 1 0 7 3 0 4 1 6 4 0 0 0 0 0 0 0 1 0 0 46 0 0 0 0 1 1 1 1 0 1
248 CCA 0 0 0 0 2 1 0 0 0 0 0 0 0 0 0 0 2 1 3 0 208333 12 67 14 0 0 0 1 4 0 5 0 0 0 0 0 2 0 0 0 3 1 0 0 0 0 1 0 0 0 0 0 3 1 0 0 0 2 0 0 0 0 0 0
249 GGA 0 2 2 2 0 0 0 1 15 0 1 0 0 0 0 0 0 0 0 0 0 2 0 0 0 0 0 0 0 0 0 0 9 0 2 0 1 0 0 0 208463 2 37 46 2 0 0 0 1 3 0 1 0 0 0 0 8 2 2 0 0 0 0 1
250 AAT 19 4 4 208306 0 1 8 5 2 0 7 7 0 0 4 3 0 0 0 7 0 1 1 1 3 1 3 1 7 0 0 3 0 0 0 10 13 1 0 1 0 0 10 14 2 1 3 0 0 2 4 2 3 0 7 1 1 1 2 1 0 0 2 0
251 GCT 0 0 0 0 0 0 0 36 0 0 0 0 0 0 0 0 0 0 0 0 0 0 0 0 0 0 0 0 0 3 0 0 0 0 0 3 4 48 14 206132 0 0 0 0 0 1 6 18 0 0 0 6 0 0 0 1 1 0 0 3 0 0 6 0
252 GAG 0 0 6 0 0 0 0 0 0 0 0 0 0 0 0 0 0 3 0 0 0 0 0 0 0 0 0 0 0 1 0 0 26 0 206194 3 0 0 2 1 1 0 21 0 0 0 4 0 0 0 2 0 0 0 0 0 1 0 0 0 0 2 0 0
253 ATC 0 0 0 1 0 10 0 0 0 1 3 0 2 206119 2 21 0 0 0 0 0 0 0 1 0 0 2 0 1 1 0 0 0 0 0 0 0 0 0 0 0 0 0 0 0 18 0 10 0 0 0 0 0 0 0 0 0 0 0 0 0 0 0 0
254 GAA 26 0 0 0 0 0 0 0 0 0 0 0 0 0 0 0 0 0 0 0 0 0 0 0 0 0 0 0 0 0 0 0 206237 2 17 1 0 0 0 0 18 0 0 0 0 0 0 0 2 0 0 0 0 0 0 0 0 0 0 0 0 0 0 0
255 GAT 0 0 0 11 0 0 0 0 0 0 0 0 0 0 0 0 0 0 0 0 0 0 0 0 0 0 0 0 0 0 0 0 8 23 0 206369 0 0 0 0 0 0 0 9 0 0 0 0 0 0 1 1 0 0 0 0 2 0 1 0 0 1 0 0
256 CTC 0 0 0 0 0 0 0 0 0 0 0 0 3 3 2 0 0 6 2 1 0 23 0 3 1 1 0 0 14 206215 8 21 0 0 0 1 0 1 0 0 0 1 0 2 3 1 0 4 0 0 1 0 1 0 0 1 1 0 0 6 0 4 9 0
257 ATC 0 0 0 0 0 11 1 0 1 25 0 0 8 206057 0 12 1 0 0 0 0 0 0 0 0 1 0 0 2 15 6 3 0 0 0 0 0 0 2 0 1 0 0 0 0 9 0 0 0 0 0 1 0 2 0 0 0 0 0 1 0 2 49 0
258 TTT 0 0 1 2 0 1 0 0 0 1 0 0 0 2 1 3 2 11 0 1 0 0 1 1 0 0 0 0 2 0 0 4 6 0 2 0 6 0 0 0 4 3 1 0 0 4 3 1 3 0 0 0 0 0 0 7 0 0 0 1 0 25 2 206303
259 CTG 0 0 2 0 0 0 0 5 1 0 1 0 2 1 12 1 0 1 8 4 0 3 9 2 1 0 3 1 28 15 206152 5 1 1 2 1 0 2 0 0 1 2 0 0 0 0 2 0 0 2 0 0 1 1 0 0 0 4 2 1 0 0 14 0
260 GCA 2 0 0 0 47 0 0 3 0 0 0 2 0 0 0 0 0 1 0 1 0 0 0 1 0 0 0 0 0 0 0 1 2 0 0 0 205770 3 29 20 6 2 1 0 26 0 0 0 1 0 0 0 0 0 1 2 0 0 0 1 1 0 0 0
261 CGG 0 0 4 0 0 1 0 0 0 0 206 0 0 0 0 0 0 0 12 0 1 0 0 0 33 2 205356 72 0 0 6 1 0 0 0 0 0 0 0 0 0 0 1 0 0 0 1 0 0 1 2 0 1 0 0 0 0 0 34 0 0 1 0 0
262 TCT 0 0 0 0 2 0 0 2 0 0 2 8 1 0 0 0 0 0 0 0 0 0 0 12 0 0 0 0 0 1 0 0 0 0 0 0 3 0 0 1 0 6 0 0 0 0 4 5 7 0 7 6 12 89 2 205746 0 0 0 0 0 0 1 8
263 GCA 0 0 0 0 76 0 0 0 0 1 0 0 21 2 0 0 0 0 3 0 0 1 0 0 0 0 0 0 0 0 0 0 3 0 0 1 206030 30 11 1 2 0 9 1 61 0 0 2 3 0 0 0 5 1 0 0 0 1 0 1 0 0 0 0
264 CTC 0 1 1 1 0 0 1 1 0 1 0 2 2 0 0 1 0 2 0 1 0 23 0 0 0 1 0 1 56 205984 6 16 0 0 0 0 0 0 0 2 1 0 1 1 1 0 0 0 2 0 0 0 0 0 1 3 7 1 0 0 1 20 2 7
265 ATA 1 0 0 0 43 9 5 2 0 4 0 1 205854 7 24 5 1 0 0 2 2 1 1 1 3 0 1 0 9 11 1 0 0 0 0 0 0 4 9 0 0 0 1 1 25 3 0 3 3 0 8 0 1 2 0 3 1 3 0 1 1 0 1 0
266 TTG 5 0 0 0 0 3 0 0 1 0 4 1 27 0 0 0 1 0 0 0 0 1 1 0 0 0 3 0 37 0 7 13 0 0 2 2 0 4 0 0 1 2 4 0 0 3 8 9 0 0 8 0 0 1 24 0 1 1 1 1 12 1 206005 7
267 AGA 23 1 37 2 1 3 0 0 206106 2 87 1 5 3 0 0 1 0 1 1 0 11 0 5 9 3 4 2 0 1 0 0 1 0 0 0 0 0 4 0 15 1 0 1 1 0 0 0 0 1 0 0 2 0 2 0 2 0 0 1 0 3 1 0
268 GGG 0 0 0 6 135 4 1 2 0 3 9 0 0 0 0 0 0 4 1 0 0 31 12 0 0 1 0 0 0 0 0 0 0 0 22 0 0 2 0 0 33 0 206034 2 0 1 3 5 2 0 0 0 0 15 9 4 0 0 2 0 0 0 0 2
269 TCA 0 0 0 0 1 8 3 0 0 31 5 1 0 0 0 0 0 1 1 0 19 0 1 0 0 7 0 0 0 1 3 0 1 0 0 0 22 5 0 10 2 0 0 0 0 1 0 0 5 0 1 1 206126 2 78 3 0 0 0 1 6 0 0 0
270 GTT 0 0 0 0 0 0 1 2 0 5 0 0 2 0 0 24 1 2 2 1 0 0 1 4 0 1 0 0 0 0 0 0 0 0 0 1 4 3 0 9 0 1 5 0 13 59 10 206188 0 0 0 3 0 2 2 0 1 0 0 1 0 0 0 1
271 GCT 0 3 8 0 0 2 1 29 0 3 0 2 0 0 0 0 0 2 0 0 1 1 1 0 0 0 0 0 0 0 0 1 0 0 0 3 33 34 1 206130 6 6 6 20 0 1 0 27 4 0 2 1 0 18 1 6 0 0 0 0 0 0 0 0
272 CAC 7 5 0 0 4 1 2 1 0 3 0 3 0 1 0 1 2 206164 1 23 0 2 3 2 2 12 0 0 5 8 4 1 0 0 0 0 1 1 1 0 2 3 1 0 0 0 0 0 2 7 1 3 7 0 1 1 1 1 0 0 0 0 1 0
273 AAA 206189 3 53 17 0 1 0 1 7 1 1 0 0 0 1 1 1 14 0 0 0 1 0 0 1 0 0 0 0 0 0 0 14 1 0 0 0 0 1 7 2 0 3 2 1 0 0 2 0 0 1 3 0 1 0 1 6 0 7 2 0 0 1 0
274 TCT 0 5 1 1 19 11 7 6 0 35 0 86 1 1 0 0 0 3 0 0 1 17 0 10 0 0 0 0 0 1 0 0 0 7 1 2 8 0 4 6 0 4 1 0 0 1 0 3 2 0 1 7 37 104 11 206022 3 0 0 2 0 0 0 5
275 TGT 5 8 4 0 3 3 1 3 1 7 1 1 0 0 1 3 0 0 4 2 3 3 1 0 0 8 0 20 0 2 1 2 0 4 2 0 0 10 1 2 0 2 1 2 5 4 0 0 11 1 2 5 5 2 2 2 2 44 1 206185 0 2 0 2
276 CTG 1 1 0 0 0 0 3 0 0 1 0 6 2 1 4 1 1 0 1 0 1 1 7 1 1 1 3 2 175 8 205937 34 0 0 0 0 0 1 2 0 5 0 0 1 0 1 0 0 0 0 0 0 2 4 1 0 5 0 2 0 0 0 45 0
277 CCC 0 0 1 0 0 8 0 1 2 1 0 0 0 0 0 0 0 2 1 0 58 205998 4 53 1 0 0 0 0 17 1 0 1 0 0 0 0 0 0 2 1 0 1 1 0 0 1 0 1 0 1 0 0 67 0 0 0 0 1 2 0 0 0 0
278 GCC 0 0 0 0 0 34 0 0 0 0 0 0 0 1 0 0 4 0 0 1 0 2 0 1 0 0 0 1 1 0 0 0 1 6 1 0 62 204946 22 13 0 1 2 0 2 32 0 0 0 0 3 3 0 2 0 0 1 1 1 0 0 0 0 1
279 TGT 0 0 0 0 0 0 0 2 0 1 0 11 0 1 1 1 0 0 2 0 1 0 0 0 0 3 4 108 2 0 0 1 5 0 3 0 0 10 0 0 0 1 2 28 0 0 0 2 4 0 6 26 1 0 0 1 4 109 0 205963 1 0 0 2
280 GTG 0 0 1 1 0 0 0 1 0 0 0 0 39 32 66 2 0 2 0 1 0 2 0 8 2 1 1 0 0 9 3 1 0 0 1 0 0 0 12 7 0 2 4 2 62 77 205979 38 0 1 0 0 1 0 1 1 0 23 0 6 0 0 0 0
281 TAT 0 5 1 8 0 0 1 0 0 0 0 1 0 1 3 0 0 0 0 36 0 3 0 0 0 0 0 0 3 0 0 0 2 14 2 2 0 0 0 0 3 0 4 0 2 1 0 1 6 16 4 206256 1 0 0 2 3 0 4 19 1 0 2 7
282 GGA 0 1 9 0 0 0 0 1 19 2 2 3 1 5 0 5 1 1 0 0 7 1 0 1 0 2 5 1 0 3 1 0 16 1 1 0 3 2 0 24 205984 11 85 64 2 1 4 1 2 0 1 3 0 2 2 3 1 0 6 1 0 0 5 2
283 CCT 1 0 0 28 12 20 10 100 4 9 13 12 14 0 17 0 28 1 11 63 22 72 29 204909 31 12 43 15 1 2 42 83 0 1 26 2 29 15 45 97 33 8 129 24 0 5 169 0 0 4 0 0 4 13 15 21 2 0 59 12 1 0 1 7
284 GCC 1 0 0 0 1 67 4 0 0 0 0 3 0 0 0 0 0 0 0 0 0 1 1 0 0 0 1 1 0 0 1 0 0 0 0 1 13 206013 23 75 0 0 4 0 10 27 0 0 1 0 0 0 0 4 1 0 0 0 0 2 0 0 0 11
285 GTA 2 5 0 0 0 0 1 0 2 4 0 0 39 5 0 1 0 0 0 0 1 0 0 1 0 0 0 0 0 1 0 2 0 0 0 0 10 0 0 0 1 1 0 0 205259 2 35 1 2 1 1 0 0 0 0 0 0 0 1 0 2 1 0 1
286 GCC 0 0 0 0 2 11 0 1 0 0 0 0 0 0 4 0 1 0 0 1 1 1 0 0 0 3 0 1 0 2 0 2 0 0 0 1 3 206193 0 4 0 0 0 0 0 22 0 1 0 1 0 3 10 11 1 0 0 0 0 0 0 0 0 0
287 AGT 0 0 0 33 0 0 0 3 16 7 1 205832 0 0 0 0 0 0 0 0 0 0 0 0 0 0 0 29 0 0 0 0 0 0 0 0 0 0 0 0 0 0 0 18 0 0 0 0 0 0 0 0 0 0 0 0 0 0 0 1 0 0 0 0
288 GGC 0 0 0 0 0 0 0 0 1 9 0 0 0 0 2 0 0 0 2 0 0 0 0 0 0 0 0 0 0 2 0 0 0 17 0 0 0 1 0 0 13 206146 1 9 0 0 0 0 0 0 1 0 0 0 3 0 4 3 0 0 0 0 0 0
289 TAC 0 8 0 0 0 0 13 0 0 0 0 0 0 0 0 0 0 229 0 0 0 0 0 1 1 27 1 5 11 0 0 0 4 2 1 0 23 6 3 0 2 28 1 4 0 5 1 0 2 205666 0 113 7 7 6 0 0 10 0 0 0 2 13 0
290 GAC 0 49 0 0 0 0 0 0 4 0 2 0 0 0 0 0 0 0 5 0 1 1 0 0 0 1 0 0 0 0 0 0 5 205909 1 19 0 0 0 0 0 9 6 0 0 1 0 0 0 5 0 0 2 3 0 0 0 0 4 1 0 2 0 0
291 TTC 0 0 0 0 0 0 0 0 0 0 2 0 1 3 0 0 0 0 1 0 1 1 1 1 0 0 1 2 1 9 3 0 0 0 1 0 0 2 0 0 0 3 0 0 0 6 1 0 0 1 0 2 0 23 0 0 0 5 3 0 1 205823 2 11
292 GAA 38 0 0 0 4 0 0 3 10 0 6 0 0 0 0 0 0 0 2 0 0 0 0 0 0 0 0 2 1 0 23 4 203646 1 17 1 4 1 1 11 35 0 14 0 1 18 0 16 2 0 0 0 0 7 0 0 0 27 0 0 0 0 0 1
293 AAA 204292 1 92 1 0 0 0 3 10 0 0 0 0 0 0 0 1 5 0 0 0 0 0 0 0 1 1 16 0 0 1 1 6 0 0 0 0 0 0 1 0 0 0 0 0 1 0 0 3 0 0 0 0 0 1 0 0 0 0 7 0 0 0 0
294 GAG 0 3 37 0 1 0 12 0 5 0 3 0 153 5 3 0 4 99 0 0 0 0 0 0 0 0 0 2 0 5 0 0 13 4 202031 12 0 0 9 0 1 3 202 9 0 0 4 0 0 0 2 0 4 15 4 4 0 0 1 10 1 0 0 5
295 GGA 0 0 0 0 0 0 0 0 8 0 0 0 0 2 0 1 0 0 0 0 1 0 0 0 1 0 0 0 0 0 0 0 17 0 0 0 0 0 0 0 176615 0 35 0 0 0 0 0 0 0 0 0 0 1 0 0 2 0 0 0 0 0 0 0
296 TAC 0 0 0 2 0 0 0 0 0 0 0 0 0 1 0 0 0 5 0 0 0 0 0 1 1 0 0 0 0 0 0 0 0 2 0 0 1 0 0 0 0 0 0 2 0 1 0 0 1 191946 1 10 0 1 0 0 0 24 0 0 0 0 0 0
297 TCT 0 0 0 1 1 1 1 0 0 0 1 19 0 0 0 0 0 0 0 0 1 0 0 9 0 0 1 0 0 0 0 0 1 0 2 5 0 0 0 0 1 1 0 1 0 0 0 0 0 0 1 4 1 15 54 171993 0 0 1 1 0 0 2 4
298 TTA 0 2 1 2 0 0 0 2 0 0 0 0 0 0 1 0 0 0 0 0 1 0 0 1 0 0 0 1 32 1 3 0 0 0 0 2 0 0 0 0 0 0 0 0 1 2 0 0 1 0 0 0 9 0 0 0 1 0 0 0 187212 1 32 1
299 GTG 0 0 0 0 1 0 3 0 2 0 0 0 0 1 7 0 0 0 1 0 1 0 0 0 1 0 1 0 2 0 0 3 0 0 0 0 0 0 3 2 0 0 2 0 17 5 188584 14 1 0 0 0 0 0 0 1 0 4 0 2 0 0 1 4
300 GGA 0 0 0 0 0 0 0 0 9 0 1 0 0 0 0 0 0 0 0 0 0 0 3 0 0 1 1 0 0 0 1 0 14 0 0 0 0 0 0 0 185083 2 39 24 5 0 6 1 0 0 3 0 0 0 0 0 4 0 0 1 2 0 0 0
301 ATA 3 0 0 1 12 0 0 1 4 1 57 0 185231 0 43 38 0 5 1 0 1 1 1 0 1 0 1 3 5 0 2 0 0 0 2 0 0 0 2 0 0 0 2 0 15 34 4 0 1 3 0 2 0 1 0 0 2 5 0 0 0 0 0 1
302 GAC 0 16 1 4 0 0 0 0 1 1 0 0 1 0 0 0 2 1 1 1 1 2 0 1 0 1 0 0 0 0 0 0 4 177883 5 13 24 2 6 0 2 12 1 1 0 3 1 0 0 4 3 1 3 4 2 0 0 0 4 0 0 0 0 0
303 CCT 0 0 0 0 0 0 0 4 0 0 2 0 0 0 0 0 2 0 1 12 5 54 7 185297 1 0 0 0 1 0 0 4 0 0 1 0 0 5 0 0 0 1 1 1 0 2 1 2 0 0 2 1 0 0 0 9 0 0 0 0 0 0 1 0
304 TTC 0 2 2 1 0 0 2 0 2 14 0 0 0 0 0 1 4 0 0 1 0 2 1 0 0 1 1 0 0 15 1 0 2 1 2 1 9 6 22 0 0 0 3 0 8 9 0 3 0 1 5 6 0 16 0 1 0 2 0 0 4 186390 2 10
305 AAA 187288 2 19 0 1 1 0 0 13 0 0 0 2 0 0 0 1 0 1 1 0 0 0 0 1 8 1 0 2 0 1 1 15 0 1 0 0 0 11 0 0 0 1 0 1 1 0 0 1 0 0 1 0 5 1 0 4 3 0 2 0 1 1 0
306 CTG 1 0 1 0 4 0 0 0 1 0 0 1 24 1 0 0 5 0 6 1 1 0 4 0 1 1 1 0 60 3 172570 3 0 0 3 0 0 1 2 0 0 4 5 0 0 0 2 0 17 0 2 0 0 0 0 0 0 0 0 0 0 0 23 0
307 CTT 0 0 2 0 1 0 1 0 0 0 0 0 1 0 0 2 0 3 0 2 0 3 0 6 1 1 3 1 48 741 6 183205 0 0 1 0 0 0 1 1 0 0 0 1 0 6 1 1 2 0 0 0 2 0 0 0 0 0 0 1 0 0 13 10
308 CAA 2 0 0 0 0 13 0 0 0 2 0 1 0 11 0 0 205204 13 17 4 4 6 1 0 14 2 1 3 1 0 0 0 3 2 2 0 0 5 0 3 0 0 0 0 1 0 0 0 2 0 0 0 0 2 0 0 0 7 0 0 0 0 12 1
309 AAC 8 205600 11 36 0 35 9 1 7 152 27 0 0 3 1 0 0 9 0 2 1 0 0 0 36 6 19 0 0 1 8 2 1 16 3 0 2 2 13 0 4 0 23 84 0 2 1 0 0 2 0 0 2 1 2 23 1 2 1 9 2 0 15 1
310 AGC 0 40 0 1 0 18 8 1 1 205755 1 51 0 7 2 0 1 0 0 0 0 0 1 1 0 3 0 0 0 0 0 0 0 0 1 0 4 19 42 14 2 10 15 1 4 0 3 0 0 0 1 0 12 0 8 10 0 168 5 42 0 0 2 0
311 CAA 2 72 7 2 1 0 4 53 11 44 14 0 3 1 2 0 205930 6 25 1 2 0 0 0 69 6 0 5 1 0 1 0 1 0 1 1 0 0 0 1 0 0 1 3 0 2 1 1 1 0 0 0 1 5 11 3 1 0 0 0 0 0 3 0
312 GTA 0 0 4 0 0 0 0 1 0 0 0 0 22 2 0 1 0 0 0 0 0 4 2 2 0 0 0 0 4 0 3 0 3 0 2 1 15 2 0 0 2 0 2 0 206138 22 25 15 0 0 1 0 0 0 0 0 0 0 0 3 1 0 0 0
313 TAC 0 2 2 0 3 0 6 0 1 1 0 1 0 1 2 0 0 20 0 0 1 0 6 0 0 0 0 4 0 0 0 0 0 2 0 1 0 1 0 1 0 4 0 1 2 0 0 1 1 205809 0 92 0 1 1 1 1 17 0 1 1 0 0 0
314 AGC 0 13 0 1 9 3 1 0 2 205891 3 24 2 5 2 1 0 0 0 0 0 3 0 0 0 4 0 0 1 0 0 1 0 3 1 1 0 2 3 0 5 31 0 1 0 1 0 5 1 0 0 2 0 2 2 1 0 8 1 4 0 0 0 0
315 CTA 1 0 0 0 2 1 1 2 0 0 0 0 5 1 3 11 2 0 0 6 32 4 4 0 2 0 0 0 205860 13 34 13 1 0 1 1 0 0 0 3 0 3 1 0 0 0 1 0 0 1 1 0 0 2 0 0 1 0 0 2 84 0 10 0
316 ATC 1 2 0 0 1 9 2 1 1 0 5 4 2 205875 4 20 0 0 3 0 0 0 0 2 0 1 1 0 66 5 0 0 0 0 2 0 0 0 4 0 0 2 2 4 0 5 0 9 1 0 0 1 1 1 2 0 0 1 0 1 1 0 8 1
317 AGA 17 3 2 1 1 0 0 0 206052 0 86 2 3 0 0 0 5 0 0 0 0 0 1 0 25 5 0 5 0 1 0 0 0 0 4 0 0 0 2 2 52 0 0 0 0 0 0 0 0 0 0 0 0 0 0 0 2 0 1 0 0 0 0 0
318 CCG 0 0 0 2 0 1 3 0 2 0 2 1 7 0 0 0 0 1 16 0 64 75 205392 14 1 4 5 7 1 2 12 1 0 0 14 0 0 1 3 0 2 0 3 0 2 0 3 1 0 2 0 1 0 0 13 1 1 0 1 0 0 0 1 0
319 AAC 18 205520 27 60 0 14 1 2 33 13 15 4 0 0 3 0 2 1 4 0 0 0 0 0 58 7 0 20 1 8 3 0 0 19 4 0 4 20 3 0 24 9 23 32 1 1 4 0 0 0 2 0 1 1 1 19 1 9 2 0 18 1 26 1
320 GAG 0 0 5 0 2 0 0 0 1 0 0 3 0 0 3 0 0 1 0 1 1 0 0 0 0 0 0 0 0 0 0 0 41 0 205916 2 3 0 3 0 2 0 23 1 0 0 0 0 2 0 3 0 0 0 0 0 0 1 1 0 0 1 0 1
321 AAT 2 18 3 206049 0 0 2 3 0 1 15 13 2 2 1 19 0 2 1 0 0 0 0 0 0 0 1 0 0 7 0 0 0 2 0 10 1 0 0 0 4 0 0 1 0 1 5 0 1 1 0 1 2 0 1 3 1 0 2 2 1 0 3 3
322 CCA 0 7 3 0 0 1 7 0 0 0 1 0 2 2 0 0 2 3 0 1 205992 37 144 15 0 1 3 0 13 0 0 2 1 0 9 0 7 1 0 0 0 0 6 2 0 2 0 2 2 3 3 0 7 1 1 0 0 1 0 0 5 0 0 2
323 GCA 0 4 0 3 32 3 2 4 2 4 1 316 27 19 3 0 5 0 3 0 2 0 1 1 0 26 14 28 1 6 0 12 2 0 3 0 205597 7 8 0 3 1 4 0 52 1 3 0 0 1 0 4 3 1 8 1 0 2 4 2 2 0 4 0
324 CAC 0 0 0 0 1 0 0 0 0 0 0 0 1 0 0 1 1 206139 2 30 0 2 1 0 0 10 0 4 0 0 1 0 0 1 2 0 0 0 0 0 0 0 0 1 0 0 0 0 1 7 0 0 0 1 0 0 1 0 0 1 0 0 0 1
325 AAG 15 0 206187 3 0 0 9 0 0 0 30 0 0 0 3 0 0 0 1 14 0 0 0 0 1 0 0 0 0 0 0 0 0 0 35 0 0 0 0 0 0 0 0 0 0 0 0 0 0 0 2 0 0 0 0 0 1 0 0 0 0 0 0 0
326 AGT 0 0 0 11 0 0 0 0 0 19 1 206290 0 0 0 0 0 0 0 0 0 0 0 0 0 0 0 2 0 0 0 0 0 0 0 0 0 0 0 0 0 0 2 5 0 0 0 0 1 0 0 0 0 0 0 0 0 0 0 2 0 0 0 0
327 CAG 0 0 2 0 0 0 0 0 1 0 0 0 0 0 0 0 17 1 206141 0 0 0 4 0 0 3 31 0 0 0 0 0 0 0 0 0 0 1 0 0 0 0 0 0 0 0 0 0 0 0 6 1 1 0 0 0 0 0 0 0 0 0 0 0
328 CTG 4 1 0 1 2 6 1 0 2 4 2 1 5 1 6 9 0 0 5 0 0 0 12 0 1 1 2 1 27 0 206069 5 2 0 0 2 0 1 0 0 1 0 1 0 5 11 4 1 4 0 4 0 0 0 0 2 2 2 2 0 10 0 103 0
329 GTG 0 1 3 0 0 0 1 0 0 1 2 0 0 0 16 2 0 1 17 0 0 0 1 0 0 0 0 1 0 1 1 0 0 0 2 0 0 0 4 0 0 0 6 2 44 9 206171 72 1 0 1 0 1 1 2 0 0 1 6 2 5 0 3 1
330 TGG 1 4 1 2 0 2 1 0 0 1 3 0 0 0 1 0 0 2 1 1 1 0 0 0 0 0 8 0 2 0 1 0 0 0 0 0 0 1 0 1 0 3 4 0 0 1 2 1 0 0 17 1 0 0 0 1 17 2 206243 1 1 0 7 2
331 ATG 0 0 2 1 0 0 4 0 6 0 8 2 12 3 206105 5 0 0 1 5 0 3 0 1 4 0 1 0 4 0 1 0 0 0 1 0 2 2 1 1 2 0 0 0 0 0 23 3 2 0 5 0 1 1 0 0 0 0 0 2 5 0 3 0
332 GCA 0 0 1 0 37 4 0 2 0 0 2 0 3 1 0 0 0 0 0 0 0 6 1 1 2 1 0 2 0 0 0 0 2 0 0 0 205325 6 15 25 5 0 0 1 32 1 0 0 1 0 0 0 7 0 3 0 1 0 1 0 3 0 0 0
333 TGC 0 0 0 0 4 0 0 0 0 1 0 0 0 1 3 0 0 3 4 0 0 5 0 1 1 41 1 1 2 2 1 0 0 0 1 0 0 1 0 1 0 4 2 1 0 3 0 9 4 51 4 1 0 0 0 0 1 205841 3 139 0 1 3 0
334 AAT 1 15 13 206173 2 0 1 2 0 0 0 6 0 0 6 0 2 5 3 3 0 1 2 2 0 0 0 1 0 2 1 0 2 0 3 13 0 0 1 0 12 0 27 0 0 0 0 1 0 2 12 14 2 0 0 1 0 0 1 1 0 4 0 3
335 TCT 0 0 1 0 0 0 1 1 0 6 0 0 0 0 1 0 1 0 1 0 0 0 0 9 0 2 1 0 0 0 0 3 0 1 3 0 1 0 1 1 5 0 17 9 0 0 0 0 2 1 0 2 20 23 4 211491 2 7 2 1 1 0 10 11
336 GCT 0 0 1 2 0 1 0 76 0 2 0 1 0 0 1 0 0 2 1 0 0 4 0 0 0 0 0 0 1 34 40 2 1 0 1 7 2 53 43 210921 1 2 17 8 1 1 0 19 0 0 2 0 0 1 2 6 1 0 0 0 122 0 52 0
337 GCA 0 0 0 1 34 0 0 0 0 1 0 6 0 0 0 0 0 4 0 0 19 0 0 0 0 0 0 2 0 0 0 0 2 0 0 0 211132 2 20 13 2 0 2 1 22 0 0 2 1 0 0 0 4 1 0 5 0 0 0 3 0 0 1 1
338 TTT 0 1 0 0 0 0 0 2 5 0 1 0 0 1 0 1 0 0 0 0 0 0 0 0 0 0 1 3 0 0 0 8 0 0 1 0 2 0 0 3 2 3 1 5 0 3 0 7 0 0 0 5 1 0 0 13 0 0 8 0 1 50 0 211204
339 GAA 3 0 0 0 2 0 0 0 0 0 0 0 0 0 0 0 0 0 0 0 0 0 0 0 0 0 0 0 0 1 1 0 211257 6 86 104 1 0 1 0 28 0 0 1 1 0 0 0 0 0 0 0 0 0 0 0 1 0 1 0 0 0 0 0
340 GAT 0 1 0 23 1 2 0 0 1 0 0 0 0 0 0 1 0 0 0 2 0 1 0 0 0 0 0 0 0 0 0 0 1 16 1 211593 0 0 0 0 1 1 5 12 0 0 0 1 0 0 2 3 0 1 1 0 0 0 0 0 0 0 0 0
341 CTA 0 0 0 0 0 0 0 1 1 0 0 0 5 44 0 0 0 0 0 0 23 0 2 0 1 1 0 0 211511 12 16 0 0 7 1 0 0 0 1 0 0 0 0 0 10 0 0 0 0 0 0 1 0 0 0 0 0 0 0 0 3 0 0 0
342 AGA 19 0 0 0 0 0 0 0 211188 2 53 0 3 0 0 0 0 0 0 0 0 0 1 0 1 31 0 0 0 0 0 0 2 0 0 0 0 0 0 1 11 15 7 5 0 0 0 0 0 1 0 0 0 0 0 0 1 0 2 2 0 1 0 0
343 GTA 0 6 0 0 0 0 0 0 0 0 0 0 163 0 0 6 0 0 0 0 1 0 1 1 0 0 0 0 1 0 0 1 0 0 0 0 17 0 1 0 0 3 7 0 211414 4 33 6 0 0 1 0 0 0 0 0 0 3 0 0 3 0 0 0
344 TTA 0 0 0 0 4 3 0 1 0 0 0 0 0 1 0 2 0 0 0 0 0 0 0 0 0 0 0 0 9 5 0 1 0 0 0 0 0 4 0 0 0 0 0 0 1 2 0 2 2 0 0 0 20 0 0 1 1 0 0 1 211463 0 43 0
345 AGC 0 16 0 0 4 23 1 2 3 211016 0 30 3 5 0 0 2 0 0 0 0 1 1 0 0 4 0 0 0 0 0 0 0 0 4 2 0 0 0 1 1 11 2 0 0 0 2 0 1 0 0 1 24 6 14 2 0 4 1 1 0 0 1 0
346 TTC 0 1 0 0 0 1 0 0 1 0 0 0 0 3 1 0 0 0 0 0 0 0 0 0 3 1 0 3 1 7 0 0 0 0 1 0 0 13 4 0 4 1 5 0 3 8 9 0 0 2 0 0 0 10 0 0 1 0 1 3 3 210801 1 132
347 ATC 1 2 0 0 0 12 0 1 0 3 0 0 1 210839 19 12 0 0 0 0 0 0 0 0 0 0 0 0 1 69 1 0 0 2 0 0 0 0 0 0 0 1 0 0 0 15 7 0 0 3 0 0 0 0 1 0 0 2 55 0 1 0 0 0
348 AGA 16 0 0 2 0 0 0 0 211383 0 92 2 0 0 0 0 0 0 0 0 0 0 0 0 5 0 2 1 4 2 0 0 0 1 0 0 0 0 0 0 24 0 0 0 0 1 0 0 2 0 0 3 0 0 0 0 1 0 0 1 0 0 0 0
349 GGG 0 0 0 2 0 0 0 0 0 0 11 0 0 0 0 0 0 0 0 0 0 0 0 0 0 0 1 0 0 0 0 0 0 0 11 1 0 0 1 0 36 4 211256 4 0 0 1 0 0 0 0 0 0 1 2 0 0 0 3 1 0 0 0 3
350 ACC 0 1 0 0 4 210727 29 6 18 2 0 11 0 18 31 2 0 12 0 1 0 1 0 0 1 5 5 15 0 0 0 0 0 2 0 0 1 69 8 0 0 3 6 1 1 0 2 1 0 0 0 0 9 4 5 0 2 0 2 0 1 17 0 5
351 AAA 211288 12 46 4 6 0 0 0 8 0 0 0 0 0 0 0 4 1 0 0 0 0 0 0 0 1 5 0 0 4 0 0 22 0 0 0 0 3 0 0 0 1 2 0 0 1 0 0 0 10 4 2 0 0 0 0 0 1 0 0 1 0 0 0
352 GTA 0 0 0 0 0 0 0 0 0 1 0 0 18 0 0 14 0 0 0 0 2 0 0 0 0 1 0 0 0 2 0 0 0 0 1 0 15 0 0 0 1 2 0 0 211603 5 18 0 0 0 0 2 0 0 0 0 0 0 0 0 9 0 9 0
353 TCC 0 0 0 60 0 0 0 2 0 0 50 0 0 0 3 0 0 18 0 10 0 154 0 0 32 0 1 2 0 2 0 189 0 0 1 0 0 1 0 0 0 0 0 0 0 0 0 0 0 2 0 0 1 210979 2 10 0 0 0 0 5 24 0 13
354 CCA 0 0 0 0 1 1 0 2 2 0 1 0 1 0 0 2 0 0 0 0 211498 3 13 0 1 0 0 0 2 0 0 0 0 0 0 1 7 0 0 0 0 7 0 0 1 0 1 1 5 0 0 0 1 1 0 0 2 3 0 0 1 1 1 0
355 AGG 0 0 21 0 0 0 0 0 16 0 211417 1 0 0 18 0 0 0 0 0 0 0 0 0 0 0 0 0 0 0 0 0 0 0 0 0 0 0 0 0 0 0 21 0 0 0 0 0 0 0 0 0 0 0 0 0 0 0 2 0 0 0 0 0
356 GGG 0 0 0 0 0 1 1 0 0 0 1 0 0 0 0 0 0 0 0 0 0 0 0 0 0 0 0 0 0 0 0 1 0 0 18 2 0 0 0 0 15 0 208639 6 0 0 0 0 0 0 1 0 2 0 0 0 0 0 0 0 1 0 0 0
357 AAA 210342 8 8 0 1 0 0 0 15 1 1 0 0 0 0 0 2 1 0 0 0 0 0 0 0 0 5 0 0 0 0 0 47 0 0 0 0 0 4 0 0 1 0 0 0 0 0 1 2 1 3 0 0 0 0 0 0 0 0 1 1 0 0 1
358 CTT 0 0 1 0 0 0 0 0 0 0 0 0 1 0 0 4 0 0 0 1 0 0 0 8 0 0 0 1 6 10 1 211461 0 0 0 0 0 0 0 0 0 0 1 0 0 0 0 1 0 0 0 0 0 0 0 1 1 0 0 0 0 0 0 9
359 TCC 36 1 0 0 9 1 0 0 0 11 1 0 7 8 0 1 3 0 2 1 1 26 0 0 3 33 49 2 0 0 0 5 0 0 0 0 4 6 0 0 1 0 3 0 2 0 0 5 0 0 0 1 4 211285 44 7 0 6 0 0 2 5 30 0
360 ACT 0 0 0 4 0 32 3 211552 0 0 0 2 1 1 0 6 1 0 1 0 1 0 0 2 0 0 0 1 0 1 0 0 0 0 0 0 0 0 0 4 0 0 0 0 2 0 2 0 2 2 0 1 13 0 0 1 1 0 2 0 2 0 0 0
361 AGA 10 0 2 0 0 0 0 0 211590 0 25 3 1 0 0 0 0 0 0 1 0 0 2 0 0 9 1 4 0 0 1 0 0 1 0 0 1 0 0 0 7 0 1 0 0 1 0 0 0 0 0 0 0 0 0 0 6 0 1 0 1 1 2 0
362 GGA 0 0 0 0 0 0 0 0 13 0 0 0 0 0 0 0 0 0 0 0 0 0 1 0 0 0 0 0 0 0 0 0 5 0 0 0 0 0 4 0 211466 22 77 0 0 0 0 0 0 0 0 0 0 0 0 0 9 0 0 0 0 0 0 1
363 GTA 0 0 0 0 0 0 0 0 0 0 0 0 27 0 0 0 0 1 0 0 0 1 0 1 1 0 1 0 0 1 0 2 0 0 1 0 23 0 7 0 1 1 0 1 211400 2 45 1 1 0 0 0 0 0 2 0 0 2 1 22 41 6 1 1
364 CAA 0 1 1 0 0 0 0 0 1 0 0 1 0 0 1 12 211480 1 42 3 3 0 2 0 10 0 2 0 0 3 2 0 0 0 0 0 1 3 0 0 1 1 4 6 0 4 0 5 10 0 1 0 1 1 0 1 0 1 0 0 0 0 23 0
365 ATT 0 0 0 3 0 0 0 1 0 1 0 0 1 15 0 211633 0 1 1 0 0 0 1 0 1 2 0 0 0 0 0 8 0 0 0 0 0 0 2 0 1 1 0 1 0 0 0 3 2 1 2 1 0 2 0 0 0 0 1 0 0 1 0 0
366 GCT 0 0 0 0 0 0 0 23 0 0 0 3 1 0 0 2 0 0 0 0 0 0 0 0 0 0 0 0 0 0 0 0 0 1 0 4 0 13 8 211536 0 0 5 0 0 0 0 16 0 0 0 0 0 1 2 8 0 0 0 0 0 0 0 0
367 TCA 4 13 1 0 0 5 17 4 3 18 0 1 0 1 0 0 0 1 0 0 14 0 0 0 0 0 1 0 0 0 0 0 0 0 0 0 7 19 23 1 0 5 36 1 1 2 2 2 4 0 1 0 211382 7 11 7 1 3 1 1 11 1 7 3
368 AAT 0 13 2 211407 1 1 16 4 0 1 1 8 0 1 4 0 9 6 0 6 1 2 1 0 2 1 0 0 1 0 0 0 12 1 18 16 0 16 4 23 16 8 16 1 0 3 3 0 0 0 0 1 2 2 1 0 0 0 0 1 2 1 18 0
369 GAA 11 0 0 1 0 0 0 2 0 0 1 0 0 0 0 7 0 1 0 0 0 0 0 0 1 3 0 0 2 1 0 0 211614 0 13 0 5 1 0 1 20 0 3 2 0 0 1 0 1 0 0 0 0 0 0 0 1 0 0 0 0 0 0 0
370 AAC 2 211374 0 4 0 9 1 0 0 13 3 4 4 1 0 2 0 4 0 0 0 0 1 0 1 0 6 0 0 0 0 1 0 14 5 2 0 10 0 0 1 0 0 1 2 3 0 64 1 1 1 0 0 0 0 0 0 0 2 2 12 0 6 1
371 ATG 0 1 0 0 0 0 9 0 0 0 1 0 51 0 211367 31 0 1 2 0 0 0 1 0 0 0 5 0 0 4 44 0 0 5 1 2 0 0 0 0 0 0 0 0 0 3 34 0 0 1 1 1 0 0 0 0 2 0 3 0 0 0 3 0
372 GAT 0 1 1 24 0 1 2 0 0 0 0 0 0 0 0 0 0 0 3 0 1 2 0 0 1 3 0 0 0 0 0 0 0 7 1 211028 0 0 1 1 0 2 0 16 2 1 0 0 0 0 0 6 0 0 1 0 0 0 0 1 0 0 0 2
373 GCT 0 0 1 0 0 0 1 31 4 0 0 0 0 0 0 0 2 0 0 0 0 0 1 9 1 0 10 0 0 0 4 0 1 0 2 8 0 46 23 211363 21 0 0 3 1 0 4 9 0 2 0 3 0 0 0 4 0 1 0 12 2 3 5 2
374 ATG 0 1 0 0 0 0 13 1 0 0 0 0 42 0 211447 4 0 0 0 0 1 0 0 1 0 0 1 0 0 1 4 0 0 0 0 0 0 0 0 0 2 1 1 0 0 0 14 0 0 8 1 1 0 0 0 0 0 0 1 1 1 19 0 0
375 GAA 11 5 1 3 0 1 3 0 1 0 0 0 0 0 15 2 2 0 7 0 0 1 0 0 0 0 0 0 2 0 0 0 209740 42 27 1 2 0 9 2 12 0 0 0 1 1 63 0 1 0 0 0 3 3 1 0 0 0 1 0 2 2 0 2
376 TCA 0 0 0 2 3 0 0 0 0 0 0 1 1 0 0 0 1 0 0 0 9 0 0 4 0 0 0 0 0 0 0 1 0 1 0 0 0 1 2 0 4 6 0 0 1 1 5 0 5 2 0 0 187110 0 34 0 1 0 0 0 9 1 0 0
377 AGT 0 12 3 26 0 0 1 9 4 34 13 208707 1 4 25 1 0 5 0 0 0 0 0 0 0 9 26 1 16 1 8 0 1 0 0 1 0 0 6 1 1 1 5 10 0 0 16 0 2 0 0 0 4 0 33 6 0 0 0 7 0 0 5 4
378 ACT 3 0 1 2 50 10 4 187173 2 3 0 11 0 1 3 8 0 2 0 3 0 0 0 1 2 19 1 8 0 2 0 1 0 0 2 0 0 2 0 24 6 4 1 0 1 0 0 0 0 0 1 2 10 2 1 6 0 0 0 0 0 0 1 1
379 CTT 2 0 0 0 5 1 0 1 0 0 1 0 0 0 1 3 0 0 0 2 0 0 0 31 1 0 0 6 1 86 5 192295 0 0 0 0 0 1 0 0 1 1 1 0 0 2 1 1 0 0 0 1 0 1 0 0 11 1 1 0 0 0 3 3
380 GAA 15 2 0 1 3 0 0 1 0 0 1 1 0 0 0 0 0 0 0 0 0 1 1 0 1 0 0 0 0 0 0 0 208824 2 35 2 0 1 35 0 18 0 5 1 3 0 0 0 1 0 0 1 0 1 0 2 0 1 0 13 0 0 2 0
381 CTG 0 0 0 0 0 0 0 2 0 0 0 1 0 0 8 0 0 1 1 0 0 1 21 0 0 5 2 1 31 2 207088 12 0 3 0 0 0 2 1 0 3 1 1 1 0 10 2 0 0 3 0 0 0 2 0 1 0 0 1 0 23 2 4 0
382 AGA 19 0 1 0 0 0 0 2 207413 1 1016 1 2 0 0 2 1 3 0 0 0 0 2 0 4 11 1 2 2 0 0 0 0 0 0 0 0 1 0 0 35 1 2 2 1 0 0 0 0 0 1 0 0 1 0 2 8 0 0 1 2 0 0 3
383 AGC 0 14 0 0 0 2 0 0 1 204162 2 72 0 1 0 2 2 0 0 0 1 0 0 0 0 1 0 0 1 1 0 1 0 5 0 1 6 0 30 30 2 9 3 2 2 1 3 0 0 0 2 0 0 4 1 0 0 2 0 0 0 1 0 2
384 AGG 5 0 13 1 0 0 2 4 34 4 204174 0 0 0 7 0 4 0 0 0 0 0 1 0 17 2 104 7 1 0 1 1 0 1 0 0 2 0 3 0 0 2 67 3 0 1 4 11 1 0 2 0 0 1 0 8 0 1 5 0 0 0 2 2
385 TAC 0 1 0 1 1 3 1 0 0 0 1 0 0 0 3 0 1 19 1 1 0 1 0 0 0 2 1 0 1 0 0 1 0 2 5 0 1 0 0 0 1 0 2 0 0 0 0 0 6 197155 3 27 0 1 0 0 0 13 1 0 1 1 0 2
386 TGG 0 0 0 0 0 1 3 0 0 0 7 0 0 0 0 0 1 0 0 1 0 0 0 0 0 0 23 0 0 1 0 0 0 0 0 0 1 0 0 0 0 0 3 2 1 0 0 4 0 0 12 5 0 1 2 0 3 0 181153 7 1 0 6 0
387 GCC 0 1 0 0 1 55 1 0 0 0 0 0 0 0 0 0 0 0 0 0 2 3 1 0 0 0 0 0 0 0 4 0 0 3 0 2 3 176010 3 17 2 3 6 2 0 31 0 0 0 0 0 4 2 7 0 2 0 0 0 0 0 0 0 0
388 ATA 2 2 14 0 21 0 0 0 3 0 4 4 196207 1 84 14 2 0 0 0 1 0 1 2 0 0 1 0 3 0 0 0 0 0 0 0 0 0 0 1 0 0 0 0 16 0 3 1 0 0 0 1 0 0 0 0 0 0 0 0 1 0 0 2
389 AGA 30 2 1 0 2 0 0 0 178318 0 24 0 1 0 0 0 0 0 0 0 0 0 0 0 6 0 4 0 0 0 0 0 1 0 0 1 0 0 2 0 19 0 0 0 0 0 0 0 1 0 0 0 0 0 0 2 1 0 0 0 0 7 0 0
390 ACC 2 3 0 0 4 170213 3 15 0 0 0 0 0 4 0 0 0 0 0 1 0 2 0 0 0 0 1 1 0 0 0 0 0 0 1 0 0 5 0 0 0 1 0 1 0 3 0 0 2 3 1 0 2 0 0 0 2 0 0 0 1 0 1 0
391 AGA 31 0 3 0 0 3 0 0 176110 3 35 0 2 1 0 0 0 0 0 0 1 0 0 0 3 10 17 0 0 5 0 0 1 0 0 0 0 0 1 5 19 0 1 1 0 0 0 2 0 1 0 0 0 0 0 0 2 0 1 0 0 0 3 0
392 AGT 0 0 4 17 1 0 1 0 1 12 1 201551 0 0 2 2 2 0 0 0 0 1 0 5 5 2 0 4 1 1 0 0 0 1 0 0 8 2 1 6 1 1 0 5 0 1 0 0 3 1 0 0 2 2 4 20 0 3 2 1 0 5 0 1
393 GGA 0 0 0 2 0 0 0 0 13 0 0 0 0 0 0 0 1 0 0 0 2 0 5 0 0 0 0 3 0 0 0 0 14 0 0 0 0 1 1 0 211131 9 118 9 1 0 0 0 0 0 7 0 0 0 0 0 0 4 7 0 0 0 1 0
394 GGA 0 0 0 0 0 0 0 0 21 0 0 0 0 0 0 0 0 1 0 0 0 0 0 0 0 0 0 0 0 0 0 1 21 0 0 0 0 0 0 0 210920 3 73 1 1 0 0 0 0 0 0 0 0 0 0 0 9 0 0 0 0 0 0 0
395 AAC 7 210797 41 25 0 7 1 2 2 16 3 0 0 0 0 0 8 32 0 2 4 1 0 0 21 3 6 119 0 0 0 0 0 16 0 0 0 7 1 0 3 2 11 9 2 0 1 8 2 0 2 8 0 4 1 1 3 0 0 15 1 1 0 2
396 ACT 3 14 26 2 8 31 29 210442 5 27 34 3 0 6 0 25 5 96 12 3 7 0 0 2 57 3 19 76 1 12 18 0 3 0 0 2 204 4 18 8 0 2 7 13 4 5 9 2 0 1 2 1 6 1 0 2 0 26 37 1 4 1 9 19
397 AAT 20 40 7 210836 1 7 1 3 115 4 40 16 0 0 0 145 1 3 30 12 0 0 2 6 0 20 59 1 0 0 2 1 1 7 2 13 0 1 8 11 0 4 2 6 1 3 0 4 1 2 0 6 0 0 3 2 3 0 8 26 11 3 0 10
398 CAA 27 1 17 6 0 10 0 2 17 4 81 4 1 5 0 9 210437 26 17 6 5 0 4 2 157 44 7 3 1 0 0 1 0 2 1 3 0 1 2 3 2 2 4 2 21 7 0 3 5 2 1 5 0 0 1 0 0 0 27 15 0 0 0 2
399 CAG 24 9 496 0 3 9 2 4 0 47 29 3 2 0 0 13 27 4 209639 10 2 64 30 5 4 3 732 20 3 3 2 0 0 0 1 3 1 0 4 13 5 6 113 38 3 5 5 2 0 6 7 1 1 4 1 9 0 6 3 9 0 1 0 9
400 AGG 7 0 19 0 0 0 2 0 10 0 210486 7 0 0 21 0 12 1 0 0 0 0 2 0 3 10 4 3 0 0 0 1 1 0 0 0 0 1 0 0 0 0 59 1 1 0 2 0 0 0 2 0 1 0 0 0 0 0 11 0 0 0 1 0
401 GCC 0 0 40 0 0 61 1 0 0 1 108 3 0 0 0 0 2 69 16 15 1 16 7 11 150 37 20 30 0 0 0 0 2 5 1 0 22 210616 11 14 7 5 32 3 0 37 0 0 2 0 0 0 24 7 3 0 1 1 3 1 14 2 6 0
402 TCT 0 0 100 0 0 0 0 5 1 6 9 5 0 0 12 0 1 3 2 5 75 14 1 40 2 0 32 68 3 1 0 0 0 3 9 1 1 0 0 5 0 1 6 0 2 2 5 3 0 0 0 13 8 55 9 211033 0 6 0 3 0 3 3 7
403 GCA 31 0 0 1 108 2 13 7 0 0 29 0 2 0 6 0 2 2 0 13 0 0 10 0 8 2 6 8 8 1 0 1 3 0 0 0 210804 7 113 3 4 32 9 1 98 0 2 0 0 1 0 1 6 6 7 1 0 1 0 4 2 1 0 2
404 GGT 4 3 0 0 0 18 3 2 2 1 0 32 2 0 1 2 0 0 0 0 0 1 0 1 0 0 0 0 0 2 1 0 0 0 4 15 1 12 42 7 44 199 180 210745 0 0 3 9 0 0 7 0 14 0 5 12 0 4 0 2 0 0 0 0
405 CAA 0 1 0 0 0 0 0 0 0 0 0 0 5 0 4 0 211383 2 36 3 0 2 0 0 22 0 0 0 0 0 0 3 0 0 0 0 0 6 0 4 0 0 0 0 1 0 2 0 1 0 0 0 0 0 1 0 0 0 0 0 0 0 0 1
406 ATC 0 4 0 0 1 44 30 0 0 0 0 0 2 211384 0 18 0 0 0 0 0 15 1 1 0 0 0 0 5 1 0 0 0 0 1 0 0 0 0 0 0 0 0 0 2 15 0 0 0 0 0 0 2 0 8 0 2 0 0 0 0 2 16 0
407 AGT 0 0 0 15 0 0 0 0 1 14 1 211290 0 0 0 0 0 0 0 0 0 0 0 0 1 0 0 2 0 0 0 0 0 0 0 0 0 6 0 0 0 19 0 61 0 0 0 0 0 0 0 0 2 0 1 0 0 3 0 2 0 0 0 1
408 GTG 0 0 0 0 19 0 0 0 0 0 0 0 0 0 13 0 0 0 3 0 0 0 0 0 0 0 0 0 0 6 0 0 0 0 0 0 0 13 12 0 0 2 3 0 112 1 211191 6 0 0 0 0 0 0 0 0 0 0 0 0 0 0 3 0
409 CAA 2 0 1 0 0 1 4 240 1 2152 0 25 5 1 5 30 208464 1 10 11 2 0 4 0 7 2 2 0 2 4 0 7 1 2 2 0 1 0 19 34 13 0 18 1 6 1 12 0 117 3 0 3 0 0 22 6 0 0 61 73 12 1 5 1
410 CCT 0 0 0 2 0 0 4 2 0 0 0 0 1 0 0 0 1 0 0 13 37 136 104 211116 0 0 0 1 0 0 0 9 6 0 0 0 11 0 11 0 0 1 11 0 0 0 0 0 0 0 0 0 2 1 0 28 0 0 1 4 0 0 0 0
411 GCA 1 0 0 0 142 50 0 3 0 0 1 1 0 0 0 0 1 0 0 0 0 0 1 0 0 0 0 1 0 2 0 1 2 0 0 0 211130 5 18 5 0 1 0 3 53 2 4 2 0 0 0 0 9 9 0 0 2 4 0 74 0 0 0 0
412 TTT 0 0 1 0 1 0 1 0 0 0 0 0 0 0 0 9 0 0 0 0 0 0 0 0 0 0 4 1 2 0 6 17 0 0 2 0 0 0 0 0 1 1 0 3 1 0 4 3 0 0 1 1 0 1 0 5 0 0 0 3 2 16 12 210613
413 TCT 4 10 0 2 1 0 0 2 1 3 0 0 1 0 0 1 0 0 1 2 1 6 3 11 0 0 2 3 2 0 1 1 0 7 0 0 1 0 5 2 5 3 5 3 0 0 2 2 3 1 0 6 92 96 9 211196 3 0 1 1 0 0 1 17
414 GTG 0 0 0 0 0 2 15 2 1 0 1 2 0 0 51 0 0 0 0 0 0 0 0 2 1 0 0 0 0 19 28 0 3 0 0 0 3 12 45 3 1 2 7 0 83 2 210891 2 0 0 0 2 0 0 2 0 0 7 1 55 1 1 9 17
415 CAA 4 2 0 0 17 10 11 303 13 6 12 30 0 0 12 3 210493 4 25 4 4 7 3 7 72 46 131 28 2 0 12 5 3 0 2 1 8 19 18 12 2 6 57 12 1 2 3 26 16 2 0 5 2 0 25 6 0 1 13 23 0 46 0 2
416 AGA 14 0 0 0 0 0 0 1 211439 0 15 0 1 0 0 0 0 0 0 4 0 0 0 0 16 0 13 1 0 0 1 0 0 0 0 0 0 5 0 1 21 0 1 0 0 1 1 0 0 0 0 0 1 1 0 0 2 0 0 1 0 8 2 5
417 AAC 84 209501 0 23 1 22 0 0 0 19 7 22 11 0 7 0 16 3 0 0 0 85 2 0 5 1 41 0 1 31 0 24 1 13 1 0 0 18 3 0 2 9 1 40 1 0 13 27 0 2 0 0 0 3 37 2 0 2 0 0 2 5 0 0
418 CTC 0 0 0 0 6 1 0 0 0 2 1 0 0 10 2 33 3 1 0 0 0 26 0 0 0 3 1 0 18 180322 10 7 0 0 0 0 0 0 0 6 4 1 0 0 1 0 19 1 0 0 1 0 0 0 0 0 0 8 0 0 20 10 0 0
419 CCA 2 1 13 0 3 0 1 0 2 1 3 3 0 0 5 0 3 0 0 0 180421 3 11 4 1 1 0 0 8 0 3 0 6 0 4 0 0 0 8 7 0 0 0 0 15 0 42 13 0 0 1 1 9 1 0 0 0 11 0 1 0 0 0 0
420 TTT 0 0 0 45 10 0 3 0 0 0 0 10 0 0 2 2 2 1 2 2 2 0 0 0 0 1 2 3 0 1 41 17 2 0 5 0 0 6 22 2 3 1 2 8 1 58 66 2 0 0 1 35 0 8 19 11 3 0 7 4 4 66 60 180329
421 GAC 10 9 2 1 0 0 0 1 10 4 7 25 38 36 6 1 0 0 0 0 0 0 0 0 1 1 0 0 7 10 7 0 4 179447 3 249 1 0 21 0 0 31 2 0 33 36 27 7 2 30 1 0 3 9 17 508 0 1 5 42 0 7 5 0
422 AAA 180370 25 21 1 6 0 0 4 25 20 0 4 12 1 1 8 3 0 7 1 0 0 0 0 3 3 130 4 0 6 0 1 18 0 4 9 9 18 24 7 1 0 23 4 3 3 3 12 1 12 0 2 3 0 0 7 2 0 0 0 0 13 0 9
423 CCA 0 18 6 0 4 16 0 12 5 66 48 0 0 1 1 1 14 2 41 4 179280 2 44 21 73 38 480 10 6 14 0 9 0 0 5 1 9 38 5 0 9 25 156 16 2 5 15 3 1 1 0 0 38 3 1 1 0 0 0 2 0 1 0 2
424 ACC 0 3 3 6 7 179973 15 13 0 2 0 13 0 23 3 27 0 43 2 0 3 6 6 0 3 4 12 10 1 4 9 4 1 21 2 1 1 23 111 15 4 8 5 3 4 30 3 114 0 5 0 2 0 2 5 41 1 3 13 6 18 1 6 4
425 ATC 0 3 0 0 0 28 0 3 0 0 1 0 7 180577 0 19 0 0 1 0 0 3 0 6 0 0 0 0 2 4 0 0 0 0 3 3 4 1 4 8 0 5 2 0 5 35 23 67 0 1 1 0 0 1 1 0 0 21 0 30 2 0 1 0
426 ATG 3 0 1 3 0 0 25 0 7 1 15 1 13 6 180129 8 1 0 2 0 0 1 0 0 0 3 3 0 16 7 9 21 0 0 11 1 3 0 0 1 1 2 5 2 0 0 34 0 0 0 1 1 1 1 2 2 0 4 1 33 0 0 5 0
427 GCA 0 3 0 2 78 1 0 60 28 37 2 7 0 3 379 18 0 18 13 0 15 1 6 0 6 3 18 7 24 30 3 0 9 1 0 0 179314 6 54 1 7 3 116 30 41 2 2 0 0 2 2 9 11 0 45 137 0 7 2 1 1 0 2 4
428 GCA 0 0 1 2 116 1 11 1 0 2 1 2 0 0 7 2 0 31 2 1 4 0 6 10 4 1 9 7 1 0 0 0 2 1 0 0 179821 9 13 6 2 9 11 6 27 6 33 0 0 0 0 1 5 4 0 1 0 1 0 115 0 1 1 0
429 TTC 1 3 1 0 7 0 0 0 1 1 1 0 0 1 2 0 0 1 2 3 0 3 0 0 0 0 1 0 0 8 0 1 1 0 1 3 2 0 0 1 0 0 30 2 0 2 8 1 2 11 0 8 1 7 0 1 7 2 27 6 9 180548 13 21
430 ACT 5 0 2 23 31 28 12 179789 0 0 23 8 5 0 4 14 2 0 4 19 12 3 0 11 4 5 3 1 3 0 4 0 0 0 6 0 8 5 1 18 15 35 45 138 0 0 2 6 1 0 0 1 0 73 51 10 4 0 9 0 1 1 1 2
431 GGG 0 0 4 2 3 0 9 0 1 2 13 1 0 1 0 0 6 0 1 1 0 0 3 2 0 0 0 1 0 9 0 1 0 3 26 0 0 0 1 2 66 42 179145 55 0 1 7 8 0 732 0 38 3 3 1 0 1 0 5 28 4 4 48 37
432 AAT 19 23 3 179994 1 4 8 5 31 13 19 18 0 1 0 4 0 11 99 8 27 6 1 2 16 1 4 0 7 1 3 3 2 0 2 16 20 0 5 0 2 9 8 66 6 2 11 5 1 2 0 19 1 2 18 58 1 12 14 10 4 23 2 0
433 ACA 4 3 0 1 180045 14 66 0 1 2 0 0 89 2 17 0 0 8 0 2 1 4 1 1 0 0 3 1 20 2 16 83 0 5 0 1 37 7 0 0 26 3 0 19 2 6 7 31 1 27 0 0 4 16 6 5 0 1 0 28 32 0 4 27
434 GAG 0 0 11 3 0 1 16 1 6 0 14 1 0 0 0 0 33 0 1 0 0 0 16 0 0 0 5 0 0 3 0 0 27 3 180388 2 13 0 21 2 7 0 55 4 43 61 16 9 0 0 4 0 0 1 9 4 0 1 0 1 3 0 3 0
435 GGA 0 0 0 1 0 1 0 1 11 0 1 2 0 0 0 0 0 0 0 0 0 0 0 0 0 0 2 0 0 0 6 0 13 0 0 1 0 0 0 5 180071 9 594 8 2 0 0 3 0 0 0 1 0 0 0 0 1 0 2 0 0 0 0 1
436 AGA 19 0 0 0 0 0 0 0 180680 1 65 2 6 0 1 0 0 0 1 0 0 1 0 0 20 13 8 0 0 1 1 0 2 1 1 0 0 0 3 0 10 0 1 4 0 3 2 0 0 0 0 1 0 3 0 0 2 0 0 0 1 0 1 0
437 ACA 3 21 0 0 180548 6 22 4 0 3 1 6 4 0 1 0 0 0 1 0 1 0 1 1 0 2 1 4 0 1 0 3 2 2 0 0 17 1 13 2 1 0 3 0 3 0 7 0 0 0 0 2 1 12 1 5 0 15 2 0 0 0 1 2
438 TCA 0 3 0 60 0 1 2 0 1 10 1 1 0 0 1 0 1 1 0 0 19 1 1 0 0 0 1 0 0 3 7 0 0 0 0 1 1 1 6 4 1 27 162 6 1 2 0 1 0 0 1 2 180164 11 139 1 0 1 10 1 9 1 0 0
439 GAC 0 9 0 0 0 1 0 0 0 0 0 0 0 0 1 0 0 0 1 0 0 0 0 0 0 0 0 0 0 0 0 0 1 180650 0 8 0 1 2 0 1 14 2 0 0 1 0 2 2 4 0 0 0 0 0 0 0 0 0 0 0 0 0 0
440 ATG 1 0 4 2 0 1 14 3 0 10 14 9 10 0 180628 6 0 0 0 2 0 0 2 0 1 0 2 1 0 1 3 0 1 1 6 0 0 7 3 6 0 0 10 0 0 0 11 0 0 3 0 4 1 2 9 0 0 1 15 0 0 6 2 0
441 AGG 3 0 10 0 0 0 0 0 20 0 180601 5 0 0 22 0 0 0 0 0 0 0 0 0 0 21 5 0 0 0 0 0 0 1 0 0 0 1 1 0 5 4 34 2 0 0 3 0 0 0 0 0 1 0 0 0 0 0 1 0 0 0 1 0
442 GCA 1 0 2 3 99 2 19 1 0 1 0 2 44 26 16 57 0 0 0 0 2 0 0 0 0 0 1 10 1 5 0 1 14 0 0 0 179651 0 135 35 1 3 1 2 28 104 377 7 1 18 1 4 21 0 17 0 0 6 1 0 0 0 2 1
443 GAA 12 0 0 1 0 1 1 0 0 3 1 0 0 2 0 0 1 0 0 0 0 0 0 0 0 0 0 0 0 0 0 0 180755 2 15 6 1 0 1 0 11 0 1 2 1 0 0 1 2 0 0 0 0 5 5 0 4 0 1 2 0 0 0 0
444 ATT 0 0 1 3 0 2 0 6 1 0 1 1 37 32 1 180760 0 1 0 0 0 0 0 0 0 0 1 0 0 0 0 1 0 0 0 0 0 0 2 1 1 5 3 0 4 2 7 2 0 0 0 0 0 0 0 0 0 4 2 11 0 0 1 0
445 ATA 1 1 1 0 11 0 0 0 4 1 3 3 180674 4 39 2 1 2 0 1 1 0 0 1 9 0 2 0 1 6 0 0 0 1 0 0 1 12 3 0 0 2 1 2 22 4 3 12 0 1 0 0 0 0 1 5 0 5 0 9 9 0 0 0
446 AGG 2 2 32 0 1 8 69 5 47 4 179993 7 1 2 20 7 16 4 87 0 2 1 6 0 13 6 58 8 1 6 1 5 1 22 78 3 1 5 20 15 1 31 88 14 12 1 18 4 3 0 0 1 5 1 6 4 0 1 7 16 2 2 6 4
447 ATG 0 0 0 0 0 0 5 3 0 5 1 2 13 1 180638 8 0 0 6 3 1 0 1 0 0 5 0 0 4 5 2 1 0 0 0 3 0 0 16 0 1 0 2 1 2 0 24 0 0 0 0 1 0 1 0 0 0 47 0 9 0 0 6 1
448 ATG 0 0 0 1 1 0 11 0 1 0 0 0 43 7 180598 8 0 0 0 0 0 0 0 1 3 0 0 1 2 1 0 2 0 0 3 1 1 0 0 0 0 0 0 1 9 0 50 1 0 0 0 1 0 0 0 0 1 1 1 1 27 0 0 0
449 GAA 13 0 0 0 0 0 8 5 0 0 3 0 1 2 0 0 0 0 0 0 0 0 0 0 0 0 1 0 0 0 0 0 180651 6 46 1 3 4 0 0 33 3 1 2 3 10 0 1 0 0 0 0 0 0 0 0 4 1 0 1 3 0 1 0
450 GGT 15 0 1 0 3 10 10 15 4 2 3 97 3 0 1 0 0 2 0 0 0 0 0 0 30 0 5 1 2 0 9 47 0 0 1 24 0 0 0 2 2 25 30 180307 0 36 56 3 0 0 0 5 0 0 0 2 0 0 0 10 0 15 5 0
451 GCA 0 1 276 5 164 0 1 1 0 0 18 1 0 60 6 14 1 1 43 2 1 0 13 1 0 2 0 5 0 1 0 1 17 0 0 1 179511 20 56 3 20 12 66 11 190 2 34 1 0 0 0 0 12 0 2 0 0 7 17 0 17 2 1 0
452 AAA 180613 29 12 0 3 1 11 0 4 1 0 2 2 0 3 0 1 0 0 10 0 0 1 0 6 0 3 0 33 0 10 0 9 0 0 0 0 0 23 0 0 0 12 5 2 0 5 0 12 0 0 0 0 0 1 1 1 0 2 5 1 1 0 1
453 CCA 1 0 18 0 3 0 0 0 84 0 1 0 0 21 0 0 1 2 6 0 179708 3 32 0 1 1 6 0 13 0 0 0 0 9 0 0 2 0 32 0 169 5 16 24 0 0 35 0 0 0 0 0 7 0 0 0 0 8 2 1 0 0 0 0
454 GAA 23 0 1 0 0 0 0 11 1 0 0 0 5 0 0 0 33 0 0 3 2 11 0 0 0 0 2 1 6 0 0 1 179941 2 5 75 78 1 9 19 31 272 30 2 3 67 32 0 2 3 0 0 60 0 2 1 0 1 2 3 16 0 5 10
455 GAA 10 3 7 12 13 1 7 13 3 7 0 1 7 1 7 2 3 0 0 4 1 2 5 0 1 0 0 10 7 1 1 13 180325 2 16 4 7 3 9 3 20 23 15 2 54 12 67 14 1 1 0 7 7 2 9 4 0 3 0 22 3 2 2 26
456 ATG 0 0 16 1 0 0 25 0 0 1 299 2 8 0 180026 4 0 3 0 5 4 0 0 0 4 0 4 4 3 0 0 0 0 0 0 0 1 0 9 0 2 0 32 4 1 0 14 0 0 2 1 15 46 0 44 1 0 104 16 7 12 2 5 0
457 TCC 2 1 0 1 9 1 3 5 0 3 0 3 0 0 0 0 17 2 10 3 1 19 0 2 0 1 0 0 12 0 1 29 0 0 0 0 18 5 4 13 32 47 0 7 0 0 5 1 0 1 0 0 62 180170 4 102 0 3 0 0 8 6 1 0
458 TTC 0 0 0 0 0 1 0 1 0 0 0 0 0 0 0 0 0 0 0 0 0 0 0 0 0 0 0 0 0 8 0 0 0 0 0 2 0 0 0 1 1 2 0 1 0 0 3 0 1 5 1 5 0 4 0 1 1 4 6 1 8 180480 3 26
459 CAG 2 1 25 2 2 5 0 2 2 0 2 7 2 0 0 0 40 4 179677 19 1 0 10 1 46 7 292 54 2 1 12 4 1 1 7 3 0 0 0 0 5 1 32 2 4 1 4 0 0 0 10 15 0 0 0 0 0 0 0 0 0 0 0 6
460 GGG 354 0 0 0 0 0 0 0 0 4 30 0 0 0 0 0 0 0 0 0 0 0 0 0 3 0 14 0 0 0 0 0 6 0 5 0 0 0 0 0 17 2 145529 4 0 1 0 0 0 0 5 0 0 0 0 0 0 5 4 1 0 0 0 2
461 CGG 0 0 0 0 0 0 0 0 0 0 23 0 0 0 0 0 0 0 33 0 0 0 1 0 14 0 144866 13 0 0 3 0 0 0 0 0 1 2 0 0 0 0 6 0 0 0 0 0 0 0 1 0 0 0 0 0 0 1 12 0 0 0 0 0
462 GGA 0 0 0 2 0 0 0 0 7 4 0 0 0 0 0 0 0 0 0 0 1 2 0 0 0 0 0 0 0 0 0 0 8 0 0 0 1 2 23 4 136423 8 33 12 1 1 1 1 0 0 0 2 0 0 0 0 4 1 0 2 0 1 0 1
463 GTC 0 3 2 0 0 0 0 0 0 1 0 0 6 18 0 0 0 0 0 0 0 0 0 0 0 1 0 0 0 0 0 0 0 2 4 0 4 4 1 0 3 1 0 0 26 124644 19 9 1 0 0 0 0 1 0 0 0 1 6 1 3 6 7 0
464 TTC 0 0 0 0 0 0 0 1 0 1 0 0 0 5 0 0 0 0 0 0 0 0 0 0 0 0 0 0 0 11 0 0 0 0 0 0 0 0 0 0 0 0 0 0 0 1 0 0 0 5 0 0 0 20 0 2 0 0 0 0 3 148388 1 18
465 GAG 0 0 2 0 0 0 0 0 0 12 1 0 0 0 0 0 0 0 0 0 0 0 0 0 0 0 1 0 0 0 0 0 8 0 144776 0 0 0 1 0 3 0 25 0 0 0 1 0 0 0 0 0 0 0 0 0 0 0 2 0 0 0 0 0
466 CTC 1 2 6 0 0 2 0 0 8 2 1 0 0 20 59 13 4 32 7 20 24 57 7 23 0 2 0 1 35 127600 5 17 0 2 1 9 50 6 8 3 13 0 8 3 1 2 3 9 1 46 0 25 0 0 7 0 0 0 83 1 12 46 69 18
467 TCG 3 0 15 2 0 4 47 0 0 3 2 0 2 6 4 2 0 0 5 0 0 0 6 0 0 1 0 3 0 0 0 0 0 0 3 0 0 0 0 0 2 1 25 0 0 0 3 0 0 0 1 4 35 10 147838 6 0 1 0 1 0 2 33 2
468 GAC 0 10 0 0 0 0 0 0 0 0 0 1 0 0 0 0 0 0 1 0 0 0 0 0 0 0 0 1 0 0 0 0 2 147708 1 26 0 0 0 0 0 28 0 0 0 0 0 0 0 1 0 0 1 2 0 0 0 0 0 0 1 0 0 0
469 GAA 31 0 0 3 4 1 1 1 0 0 0 0 0 0 0 0 12 2 37 0 0 0 2 0 0 0 0 0 0 0 1 0 145771 1 27 0 0 8 0 1 13 1 1 1 0 0 2 0 2 0 1 1 0 0 0 0 0 0 0 0 0 1 9 0
470 AGG 0 0 11 0 0 0 0 0 10 0 144383 0 0 0 15 0 0 0 0 0 0 0 0 0 0 0 3 0 0 0 0 0 0 0 0 0 0 0 0 0 0 0 30 0 0 0 0 0 0 0 0 0 0 0 0 0 0 0 1 0 0 0 0 0
471 GCA 0 0 0 0 19 0 0 1 0 0 0 0 0 0 0 0 0 0 0 0 1 0 0 0 0 0 0 0 0 0 0 0 0 0 0 0 132195 4 74 4 2 2 1 0 58 0 0 0 0 0 0 0 2 0 0 0 0 1 0 0 10 0 0 0
472 GCG 0 0 0 0 1 3 103 0 0 0 0 1 0 0 0 0 1 54 0 0 0 1 2 0 0 0 0 2 0 0 0 0 0 1 0 0 11 0 136394 0 0 0 0 0 0 0 80 0 0 0 0 0 0 0 3 0 0 2 0 0 0 1 0 0
473 AAC 5 152245 0 31 0 2 1 0 0 3 0 0 0 0 0 0 0 5 5 0 1 0 3 0 1 0 7 8 0 0 2 0 0 6 0 0 0 0 0 0 2 0 0 0 1 0 0 0 0 3 0 0 0 0 12 0 0 0 2 0 0 8 0 0
474 CCG 0 0 0 0 0 0 1 0 0 0 0 0 0 0 0 0 0 0 3 0 38 1 179941 0 4 0 2 0 0 0 9 0 0 0 0 0 0 0 3 0 0 0 0 0 0 0 0 0 0 0 0 0 0 0 4 0 0 0 0 0 0 0 0 0
475 ATC 0 0 2 0 0 5 0 0 0 0 0 0 3 180589 4 13 0 0 0 0 0 0 0 0 0 7 0 0 0 17 0 0 0 0 0 0 0 0 0 0 0 2 0 0 2 66 0 0 0 0 0 0 0 0 0 0 0 1 1 0 0 2 0 0
476 GTG 0 0 0 0 0 0 3 0 0 0 0 0 0 0 45 0 0 0 0 0 0 0 0 0 0 0 25 0 0 0 7 0 0 0 4 0 5 0 93 29 0 0 10 0 62 0 180237 0 0 0 0 0 0 0 0 0 0 2 0 0 0 0 0 0
477 CCC 0 0 0 0 0 0 0 0 0 0 0 0 0 0 0 0 0 2 0 0 4 180661 0 14 0 0 0 0 0 4 0 0 0 0 0 0 0 1 0 0 0 0 0 0 0 0 0 0 0 0 0 0 0 21 0 0 0 0 0 0 0 0 0 0
478 TCT 0 0 2 0 0 0 6 3 0 0 0 0 0 0 0 0 4 2 0 0 5 11 0 11 0 0 3 0 0 1 2 10 0 0 0 0 0 0 4 0 0 0 0 0 0 0 3 3 0 1 0 8 1 339 162 179678 0 0 23 2 0 0 34 3
479 TTT 0 1 0 0 1 0 0 0 1 0 1 0 1 2 0 7 0 0 0 1 0 0 0 2 1 0 0 0 0 1 0 11 0 0 0 0 0 0 0 0 1 0 0 1 7 1 1 3 0 6 0 1 0 0 0 11 0 4 0 3 40 17 0 180456
480 GAC 0 31 0 0 1 1 0 0 2 0 0 0 0 0 1 0 5 41 8 0 6 6 0 23 0 8 0 2 0 1 0 1 4 180232 1 54 0 19 0 6 1 22 5 15 3 2 0 0 0 3 0 0 0 0 0 0 0 0 2 5 0 3 1 0
481 ATG 0 0 0 0 0 0 5 0 0 0 6 1 9 0 180641 4 0 0 0 0 0 0 0 0 0 0 3 0 0 0 4 0 0 0 0 1 0 0 0 0 10 0 0 0 0 0 15 0 0 7 0 0 0 0 0 0 0 2 4 0 1 0 3 0
482 AGT 0 5 2 22 0 0 0 1 0 17 1 180711 0 0 0 1 0 0 0 0 0 0 0 0 0 0 0 10 0 0 0 0 0 0 0 0 0 0 0 0 0 0 0 12 0 0 0 0 0 1 0 0 0 0 0 0 0 0 0 3 0 0 0 0
483 AAT 0 10 17 180811 0 0 0 2 0 0 0 4 0 2 4 1 0 0 0 0 0 0 0 0 0 0 0 0 0 0 0 0 0 0 0 15 0 0 0 0 0 0 0 1 0 0 0 0 0 0 0 0 0 0 0 0 0 0 0 0 0 0 0 0
484 GAA 6 0 0 0 0 0 0 0 0 0 0 0 0 0 0 0 0 0 0 0 0 1 0 0 0 0 0 0 0 0 0 0 180416 2 16 2 1 0 1 0 11 0 1 0 2 0 1 28 0 0 0 0 1 0 0 0 0 0 0 0 0 0 0 0
485 GGA 0 0 0 2 0 0 0 2 22 9 0 14 0 0 0 0 1 5 1 0 0 0 0 0 0 1 13 1 1 0 0 2 10 0 1 0 0 2 0 0 180463 3 31 28 2 1 16 24 0 0 0 0 0 0 0 1 12 1 14 4 0 0 0 0
486 TCT 0 2 0 0 0 0 0 1 0 0 0 0 0 0 0 0 0 0 0 0 0 0 0 3 0 0 0 0 0 0 0 0 0 0 0 0 0 0 0 0 1 0 0 0 0 0 0 0 0 0 0 2 5 6 5 180776 0 0 0 0 0 0 0 7
487 TAT 0 0 0 0 0 0 0 0 0 0 0 0 0 0 0 0 0 0 0 30 0 0 0 0 0 0 0 0 0 0 0 0 0 0 0 0 0 0 0 0 0 0 0 0 0 0 0 1 0 1 2 180808 0 0 0 0 0 0 0 8 0 0 0 0
488 TTC 0 0 0 0 0 0 0 0 0 0 0 0 0 3 0 0 0 1 0 0 0 0 0 0 0 0 0 0 0 5 0 0 0 0 0 0 0 0 0 0 0 0 0 0 0 2 0 0 0 0 0 0 0 3 0 0 0 0 0 0 0 180227 0 6
489 TTC 0 0 0 0 0 0 0 0 0 0 0 0 0 2 0 0 0 0 0 0 0 0 0 0 0 0 0 0 0 4 0 0 0 0 0 0 0 0 0 0 0 0 0 0 0 4 0 0 0 0 0 19 0 9 0 0 0 0 0 0 0 179433 1 13
490 GGA 0 0 0 0 0 0 0 0 11 0 0 0 0 0 0 0 0 0 0 0 0 0 0 0 0 0 0 0 0 0 0 0 3 0 0 0 0 0 0 0 180628 0 14 1 0 0 0 0 0 0 0 0 0 0 0 0 3 0 0 0 0 0 0 0
491 GAC 0 7 0 0 0 0 0 0 2 0 5 0 3 18 0 0 0 0 0 0 0 0 0 0 0 1 0 0 0 0 0 0 2 180465 1 9 2 0 0 0 0 32 2 0 0 36 8 0 0 0 0 0 0 0 0 0 2 2 5 0 0 0 2 0
492 AAT 2 10 0 180656 0 0 0 2 2 0 4 15 0 0 0 2 0 0 0 1 0 0 0 0 0 0 0 0 0 0 0 0 0 0 0 26 0 0 0 0 0 0 0 0 0 0 0 0 0 0 0 0 0 0 0 0 0 0 0 0 0 0 0 0
493 GCA 0 0 0 0 81 0 0 1 0 0 0 0 0 0 1 0 0 0 0 0 1 0 0 0 2 0 0 0 0 0 1 0 1 0 2 0 180549 6 28 11 0 0 0 0 46 0 5 3 0 0 0 0 5 0 1 0 0 0 0 0 0 0 0 0
494 GAG 0 1 14 0 0 0 0 0 0 0 0 0 0 0 4 0 0 4 0 0 3 1 0 0 0 0 0 0 0 0 0 0 40 0 180659 18 0 0 0 0 1 0 30 1 3 0 5 0 0 0 3 0 0 0 0 0 0 0 0 0 0 0 0 0
495 GAG 0 11 20 0 0 0 0 0 2 0 6 0 1 0 0 0 0 0 0 0 0 0 2 0 0 0 1 0 1 0 0 0 39 28 180659 0 0 0 0 0 0 0 32 5 0 0 4 0 0 0 1 0 0 1 14 0 0 0 3 0 0 0 0 0
496 TAC 0 0 0 0 0 0 0 0 3 3 0 0 0 0 2 2 0 11 0 0 0 0 0 0 0 0 0 0 2 0 0 0 0 2 1 1 1 0 0 0 0 4 1 0 0 1 2 0 1 180498 3 42 0 0 0 1 0 39 6 0 4 4 1 1
497 GAC 0 66 22 28 0 1 0 0 0 33 18 4 0 28 39 0 0 0 0 7 4 0 0 0 0 0 0 0 0 0 0 0 3 178952 9 21 5 4 19 1 2 130 11 2 3 13 5 104 32 33 4 12 0 29 6 1 1 1 24 55 10 36 1 2
498 AAT 321 83 490 176892 66 26 60 29 687 123 407 118 27 146 25 48 7 517 2 1 2 1 0 0 43 36 39 12 1 0 6 3 1 1 0 11 19 5 19 11 159 31 2 20 9 6 16 16 7 1 16 3 5 0 9 7 9 37 10 27 14 5 30 5
499 TAA 0 0 0 0 0 0 0 0 0 0 0 0 0 0 0 0 9 0 0 0 0 0 0 0 0 0 0 0 0 0 0 0 0 0 0 0 0 0 0 0 0 0 0 0 0 0 0 0 180752 0 3 18 2 0 0 0 12 0 0 0 7 0 0 0
