# POSITION WT AAA AAC AAG AAT ACA ACC ACG ACT AGA AGC AGG AGT ATA ATC ATG ATT CAA CAC CAG CAT CCA CCC CCG CCT CGA CGC CGG CGT CTA CTC CTG CTT GAA GAC GAG GAT GCA GCC GCG GCT GGA GGC GGG GGT GTA GTC GTG GTT TAA TAC TAG TAT TCA TCC TCG TCT TGA TGC TGG TGT TTA TTC TTG TTT
1 ATG 0 0 2 0 0 0 12 0 0 0 1 0 7 1 160273 12 0 0 0 0 0 0 0 0 0 0 0 0 0 0 2 0 0 0 0 0 0 0 0 0 0 0 0 0 0 0 48 0 0 0 0 0 0 0 0 0 0 0 0 0 0 0 0 0
2 GCG 0 0 0 0 0 0 2 0 0 0 0 0 0 0 0 0 0 0 0 0 0 0 0 0 0 0 0 0 0 0 0 0 0 0 0 0 29 0 159041 2 0 0 0 0 0 0 45 0 0 0 0 0 0 0 1 0 0 0 0 0 0 0 0 0
3 TCC 14 2 0 0 17 3 0 1 1 0 0 0 0 0 0 0 13 12 0 0 0 13 0 0 3 0 0 0 0 16 0 0 0 0 0 0 9 16 0 72 0 0 0 0 1 1 0 12 2 15 0 0 6 157250 7 33 0 0 0 0 0 5 1 0
4 CAA 25 38 3 45 58 7 1 1 0 0 2 83 31 20 3 7 159673 5 21 7 17 0 0 1 29 0 0 0 5 3 0 3 2 0 0 0 6 1 1 7 0 0 3 5 22 0 0 0 6 2 0 138 77 6 2 77 1 0 88 29 64 9 7 9
5 GGC 0 0 0 0 0 4 0 0 0 26 0 0 0 0 0 0 0 2 0 0 0 1 0 0 0 9 0 0 0 0 0 0 0 26 0 0 0 17 0 0 0 160179 0 18 0 1 0 0 0 5 0 0 0 13 0 0 0 20 0 0 0 0 0 0
6 ACC 0 1 0 0 2 160019 0 3 0 1 0 0 0 11 0 0 0 0 0 0 0 1 0 0 0 0 0 0 0 0 0 0 0 0 0 0 0 4 0 0 0 0 0 0 0 0 0 0 0 0 0 0 0 0 0 0 0 0 0 0 0 0 0 0
7 AAA 160083 3 6 3 0 3 0 0 7 0 0 0 1 0 0 0 0 0 0 0 0 0 0 0 0 0 0 0 0 0 0 0 17 0 0 0 0 0 0 0 0 0 0 0 0 0 0 0 2 0 0 0 0 0 0 0 0 0 0 0 0 0 0 0
8 CGG 0 0 0 0 0 0 0 0 0 0 2 0 0 0 0 0 2 0 14 0 0 0 3 0 9 0 160282 1 0 0 2 0 0 0 0 0 0 0 0 0 0 0 5 0 0 0 0 0 0 0 0 0 0 0 0 0 0 0 37 0 0 0 0 0
9 TCT 0 0 0 0 3 3 0 1 0 0 0 0 2 0 0 0 1 0 0 0 0 0 0 11 0 0 0 0 0 0 0 1 0 0 0 0 0 0 0 4 0 0 0 0 0 0 0 0 2 0 0 3 1 61 74 158932 0 0 0 1 0 1 0 5
10 TAT 0 8 0 18 0 0 0 10 0 0 0 1 0 17 4 0 12 1 0 64 2 0 14 2 0 1 0 0 1 1 0 1 1 1 0 8 0 0 4 0 5 0 1 0 6 2 1 2 1 28 2 159825 0 5 0 10 0 0 0 19 0 0 0 7
11 GAA 14 0 0 0 3 2 1 0 0 0 0 0 0 0 0 0 0 0 0 0 1 0 0 0 0 0 0 2 2 0 0 0 160216 5 26 1 1 0 0 0 22 0 0 0 1 0 1 1 5 0 0 0 1 3 0 0 0 0 1 2 0 0 0 0
12 CAG 16 8 5 7 2 1 0 23 30 25 2 9 0 9 0 1 24 25 159790 9 4 3 2 5 3 7 29 5 27 0 12 45 0 2 5 2 0 2 0 4 0 0 0 7 1 0 12 1 3 36 24 0 0 22 11 7 0 1 0 0 0 6 6 0
13 ATG 3 0 2 0 0 0 13 0 0 2 1 0 14 2 160089 3 0 3 0 0 3 0 0 0 0 0 0 0 1 0 1 0 0 0 0 0 0 0 0 0 0 0 0 0 0 0 15 0 0 0 0 0 0 0 0 0 0 1 0 1 0 0 0 0
14 GAA 9 0 1 0 1 0 0 0 1 0 0 0 0 1 0 0 15 0 0 0 2 0 0 0 0 4 2 0 0 0 0 0 160497 6 5 0 0 4 0 1 12 1 0 0 0 1 0 8 1 1 0 0 0 0 0 0 0 0 1 2 0 0 0 0
15 ACT 0 1 0 1 6 17 3 160257 0 0 0 0 0 0 0 8 1 12 0 0 0 1 0 2 0 0 1 0 0 0 0 0 0 0 0 0 0 0 0 6 0 0 0 1 0 1 0 0 1 0 0 0 0 0 0 0 0 0 0 0 0 0 0 0
16 GAT 0 0 0 6 0 0 0 2 0 0 2 0 0 0 0 0 0 0 0 0 0 0 0 0 0 0 0 0 1 0 0 0 30 10 2 160009 0 0 0 4 0 0 13 22 0 0 0 1 0 0 3 2 0 0 0 0 0 0 0 0 0 0 0 0
17 GGG 1 0 0 0 0 0 0 3 0 2 15 0 0 0 0 1 0 0 0 0 0 16 2 0 0 0 1 0 1 0 0 4 0 0 10 0 0 2 1 4 69 0 159996 8 0 0 8 0 4 0 0 0 5 2 0 0 1 2 12 0 0 0 0 0
18 GAA 30 1 0 0 17 7 0 0 0 1 0 0 0 5 0 0 4 11 1 2 29 12 4 1 0 6 0 1 3 1 2 0 159997 12 7 1 0 12 7 12 19 0 2 0 1 0 0 6 3 0 0 2 2 16 0 0 0 3 0 0 0 0 0 0
19 CGC 0 0 0 0 0 2 0 0 0 3 0 0 0 0 0 0 0 77 0 0 0 3 0 0 2 159837 0 8 0 4 0 0 0 0 0 0 0 3 0 0 0 6 0 0 0 0 2 0 0 0 0 0 0 0 0 0 0 24 0 0 0 0 0 0
20 CAG 0 0 2 0 0 0 0 0 0 0 5 0 0 0 0 0 8 0 158577 7 2 1 169 1 0 1 54 0 0 0 2 0 0 0 1 0 0 1 5 0 0 0 0 0 0 0 0 0 1 0 5 0 1 0 0 1 0 0 0 0 0 0 0 0
21 AAT 0 52 2 160102 76 14 72 5 0 2 0 11 0 0 0 0 1 4 0 2 15 3 0 0 0 2 17 0 1 5 1 3 0 0 0 9 3 0 0 6 15 2 1 9 1 2 0 0 2 0 0 0 5 0 39 13 4 0 5 0 1 0 0 0
22 GCA 4 0 0 0 29 6 18 1 32 7 6 0 0 5 0 0 2 5 4 1 13 11 0 0 9 45 15 166 1 0 0 1 0 0 0 1 159923 23 19 28 3 0 0 0 54 9 5 1 1 0 0 0 2 5 16 0 0 3 0 1 0 0 0 0
23 ACT 1 8 0 36 35 33 17 159799 3 9 26 12 0 2 1 5 15 9 2 23 6 8 3 1 7 1 31 4 0 5 0 0 0 0 0 0 3 7 0 106 2 8 2 7 0 0 0 2 8 0 0 1 9 51 11 2 0 0 0 0 0 6 4 0
24 GAG 0 6 17 1 20 4 3 2 9 0 19 1 3 1 1 1 0 2 11 2 1 0 0 0 1 0 6 0 4 6 1 6 19 2 160658 13 13 0 7 0 0 0 16 0 0 0 6 1 2 0 9 2 0 18 1 2 0 0 1 0 1 0 2 0
25 ATC 1 0 0 0 0 6 0 2 0 0 0 0 4 160713 1 6 0 0 0 0 0 1 0 0 0 0 0 0 0 0 0 0 0 0 0 0 0 0 0 0 0 0 0 4 0 8 2 0 3 0 0 0 4 0 1 0 0 0 0 0 2 0 3 0
26 AGA 11 0 0 0 0 0 0 0 160470 0 21 0 1 0 0 0 0 0 0 0 0 0 0 0 18 42 3 0 0 0 1 0 0 0 0 0 0 1 0 0 34 0 1 0 0 0 0 0 0 0 0 0 0 0 0 1 3 0 1 0 0 0 0 0
27 GCA 1 0 24 0 13 0 0 2 0 1 18 0 0 0 0 0 1 4 2 4 0 0 1 0 0 19 0 0 0 0 0 0 5 0 0 0 160521 4 25 4 3 2 0 0 44 1 3 0 0 0 0 0 9 0 0 0 0 0 0 0 0 0 1 0
28 TCC 0 1 1 7 0 5 0 0 18 0 5 0 1 0 0 0 5 4 0 5 0 12 0 0 3 17 6 0 0 0 1 0 0 0 0 0 1 2 35 1 8 0 3 8 0 0 0 0 0 1 5 0 8 160041 8 73 0 2 0 0 0 12 0 0
29 GTC 3 0 0 0 0 0 1 0 0 0 0 0 0 57 0 2 0 0 1 0 0 1 0 0 0 0 5 0 0 2 0 0 0 0 0 0 0 5 0 0 0 0 0 0 11 160601 4 27 4 0 0 0 0 1 0 0 0 0 0 2 0 3 0 0
30 GGG 0 0 0 0 0 0 0 1 0 0 29 0 0 0 0 0 0 3 4 0 0 0 2 0 0 2 4 0 0 0 0 0 0 2 7 0 0 3 2 1 63 10 157886 4 0 0 7 0 9 0 0 0 0 0 0 0 6 0 4 0 1 0 0 0
31 AAG 40 2 153149 1 0 0 0 0 0 0 20 0 0 0 1 0 0 0 0 0 0 0 0 0 1 4 0 18 0 0 0 0 0 0 14 0 4 0 0 0 0 0 0 2 0 1 0 0 0 0 0 1 0 0 0 0 3 1 0 0 1 0 0 0
32 ATG 0 1 0 0 0 1 4 1 0 0 0 0 9 0 160554 1 0 1 0 0 0 2 2 0 0 0 0 0 0 0 1 0 0 0 0 0 0 0 0 0 0 1 1 0 0 0 5 0 0 0 13 0 0 0 0 0 0 0 1 0 0 1 0 0
33 ATT 0 0 0 3 1 0 0 4 1 0 1 0 2 56 1 160682 0 0 0 0 0 0 0 0 2 0 0 0 0 0 0 1 0 0 0 1 0 0 0 0 0 0 2 0 5 6 0 15 0 0 2 1 0 0 0 0 4 1 0 0 0 0 0 2
34 GAT 2 134 2 97 1 17 0 17 4 10 0 32 0 0 19 4 21 0 0 6 0 0 1 2 0 0 0 0 3 1 6 13 15 16 10 159690 3 8 9 265 7 0 15 31 0 0 0 0 7 0 8 17 0 2 21 5 2 1 0 1 3 0 0 0
35 GGA 0 5 0 1 0 0 0 0 14 0 0 1 0 0 0 0 1 0 0 0 1 0 0 0 0 0 2 0 0 1 0 0 12 10 0 0 1 0 2 0 160551 3 14 6 10 0 0 1 0 2 0 0 0 0 0 0 3 0 0 2 0 0 0 2
36 ATT 0 0 0 0 0 0 0 3 0 0 0 1 1 16 0 160607 0 4 0 0 3 0 0 1 0 0 0 0 0 0 0 0 0 4 0 0 0 1 1 0 0 0 1 0 0 0 2 4 1 0 11 0 0 0 0 0 0 0 0 0 0 0 0 8
37 GGA 3 0 0 0 0 0 5 0 3 0 0 0 0 0 0 5 0 0 0 0 0 0 0 0 1 0 0 0 0 0 0 0 1 0 0 0 0 0 0 0 160673 2 69 1 1 0 0 0 4 0 1 0 1 0 0 0 11 0 0 0 0 0 0 0
38 CGA 0 0 3 0 0 0 0 0 0 1 0 0 0 5 0 0 23 0 0 0 0 8 1 1 158582 6 32 5 0 0 0 0 0 1 0 0 0 0 0 0 2 0 0 0 0 0 0 0 0 0 0 0 0 0 0 1 32 0 0 0 0 0 0 0
39 TTC 0 0 0 0 0 1 0 0 0 0 0 0 0 0 1 0 0 0 0 1 0 1 1 0 0 0 1 0 0 3 0 0 1 1 0 0 1 0 0 0 0 0 0 0 0 2 0 0 0 31 0 1 0 5 0 0 5 1 0 0 4 160031 0 1
40 TAC 0 5 0 0 0 0 0 2 0 1 0 0 0 0 1 2 0 23 0 0 0 0 0 1 0 0 0 0 0 0 0 0 2 0 0 0 4 0 0 0 0 0 0 0 0 0 0 0 9 160452 0 23 0 0 0 0 4 25 0 0 2 0 0 1
41 ATC 1 14 4 48 3 7 0 3 0 7 1 0 21 160103 19 2 0 0 4 0 0 1 1 0 1 0 1 0 1 1 22 1 3 0 0 0 0 0 7 0 0 0 2 0 0 5 0 0 1 0 18 0 0 3 0 0 0 5 0 0 0 0 132 0
42 CAA 5 1 0 0 1 0 0 1 0 0 6 0 0 0 0 0 140502 2 10 0 0 0 0 1 9 0 0 0 1 0 0 0 2 16 0 0 0 0 0 0 0 0 0 0 0 0 0 0 15 0 0 0 0 0 0 0 2 0 0 0 0 0 0 0
43 ATG 0 0 0 0 0 1 5 0 0 1 24 1 7 0 144582 1 0 1 0 0 0 23 0 0 0 0 1 0 0 0 1 0 0 0 0 0 0 0 0 0 1 0 2 0 0 0 8 0 1 0 1 0 0 0 0 0 0 0 0 0 0 0 0 1
44 TGC 0 0 0 0 1 0 0 0 0 0 0 0 0 1 0 0 0 2 0 0 0 0 0 0 0 4 0 0 0 0 0 0 0 0 1 0 2 5 4 0 0 0 0 0 0 0 2 0 0 18 0 0 0 0 0 0 8 131337 1 109 0 1 0 0
45 ACT 1 0 0 3 2 20 39 138874 1 2 1 1 0 1 0 1 0 1 1 0 3 1 1 1 0 0 1 1 0 0 0 0 0 0 0 2 0 5 0 7 0 0 0 0 0 0 0 0 0 1 10 0 0 0 0 0 30 1 0 2 0 0 0 0
46 GAA 7 1 3 0 4 7 0 0 0 0 0 0 0 0 9 0 0 0 0 3 0 1 0 0 0 0 0 0 1 0 0 0 152326 3 9 1 0 0 0 0 6 0 2 2 1 0 0 1 10 0 3 0 1 0 0 0 11 0 0 0 0 1 0 0
47 CTT 0 0 0 0 1 0 0 0 0 0 0 0 0 0 0 2 0 0 0 0 0 1 0 8 0 0 0 0 2 37 0 156769 1 0 0 0 0 0 1 1 0 0 1 0 0 0 0 1 0 0 0 0 0 0 0 0 0 0 0 0 0 0 0 4
48 AAA 153149 0 12 0 1 0 0 1 7 0 0 0 0 0 0 0 12 1 0 0 0 0 0 1 0 0 11 0 0 0 0 0 7 0 0 0 1 0 0 0 0 0 0 0 0 0 0 0 13 0 0 0 2 0 0 0 0 0 0 0 2 0 0 0
49 CTC 6 10 0 0 2 0 0 0 0 0 0 0 0 3 2 0 2 2 1 0 2 6 0 6 1 9 1 2 36 149342 7 35 0 0 2 2 3 10 1 1 1 1 0 0 0 1 2 0 8 0 14 0 0 1 2 0 14 1 3 0 7 13 13 1
50 AGT 0 3 3 3 9 62 16 1 0 32 2 121083 0 0 0 0 0 2 0 0 3 2 6 3 2 1 4 3 1 0 8 0 0 4 1 1 2 1 22 0 3 0 22 30 0 0 1 0 9 0 2 0 3 46 30 42 11 0 1 7 0 0 0 0
51 GAT 0 5 2 19 1 0 10 2 0 1 1 0 1 4 16 0 3 0 0 2 0 1 4 0 0 0 0 0 0 0 2 0 4 4 5 143027 0 6 4 0 0 0 5 8 1 0 0 0 2 0 0 6 0 1 0 5 3 0 0 0 0 0 1 1
52 TAT 0 0 0 0 0 11 0 0 0 0 0 0 0 6 0 1 0 1 0 14 0 0 0 0 0 0 0 0 3 1 0 1 1 0 1 3 0 0 0 4 2 0 2 0 0 12 0 1 22 30 2 151136 0 0 0 0 6 0 0 12 1 0 0 2
53 GAG 0 0 19 0 0 0 0 0 0 0 1 1 0 0 0 0 0 0 0 0 2 0 0 0 0 2 0 0 1 0 0 0 13 1 139005 27 0 0 2 0 0 0 23 1 0 0 9 0 0 1 20 0 4 0 0 1 1 0 0 1 0 1 2 0
54 GGG 0 0 0 0 3 8 10 1 2 1 26 0 0 0 0 0 0 0 0 0 0 0 0 0 8 0 1 0 0 0 0 1 0 0 18 0 6 35 226 23 15 19 132893 9 0 0 0 0 0 0 0 0 3 2 5 1 0 0 6 0 0 0 0 1
55 CGA 1 0 0 0 0 1 0 2 11 2 2 0 0 0 0 0 16 12 0 0 0 1 1 2 141172 6 25 6 2 0 0 0 0 0 0 2 0 0 0 0 4 0 0 0 0 0 0 0 148 0 1 0 0 1 0 1 51 2 0 0 0 0 0 0
56 CTG 0 0 0 0 1 0 2 0 0 0 10 0 0 5 3 0 0 1 1 0 3 13 28 4 1 1 0 0 37 19 149886 7 0 0 0 0 0 1 1 2 2 0 1 0 0 2 1 1 1 0 4 0 0 0 0 0 1 0 0 2 5 0 22 0
57 ATC 0 1 5 0 1 9 2 0 1 1 0 0 12 160395 1 12 0 0 0 2 0 0 4 2 1 0 0 1 0 9 0 0 0 0 0 0 0 2 3 0 0 0 1 6 0 15 1 0 2 1 3 1 0 1 0 0 27 0 0 0 0 0 2 0
58 CAG 0 2 2 0 0 1 0 1 0 1 1 0 0 0 0 0 86 3 160226 5 0 3 3 0 0 2 15 2 0 0 1 1 0 2 0 0 0 0 1 2 0 7 0 3 0 1 4 0 10 0 25 0 1 0 0 3 66 0 0 0 0 0 0 0
59 AAC 3 160475 0 87 0 1 0 0 1 9 1 2 0 0 1 3 0 1 0 0 3 0 3 2 2 1 0 0 1 0 0 0 0 2 2 0 0 0 1 0 2 0 0 0 0 0 0 0 5 0 3 0 0 0 0 2 20 0 0 2 0 0 0 0
60 AGC 0 13 0 0 1 1 0 0 5 160615 1 1 0 2 0 0 0 3 0 0 0 0 0 0 0 1 0 0 0 0 0 0 0 0 4 0 0 0 0 0 0 8 3 0 0 1 0 0 1 0 5 3 0 0 0 3 1 2 0 0 0 0 0 0
61 TTA 0 1 0 1 1 2 0 0 6 0 0 0 1 0 0 0 0 0 0 0 1 2 0 0 0 0 0 0 8 1 1 14 6 4 0 0 0 0 1 0 0 0 0 0 0 3 5 0 37 0 3 0 17 0 0 2 3 2 1 0 159995 0 8 0
62 ACA 7 1 0 2 160556 9 20 36 0 0 0 2 5 0 0 1 0 2 0 0 1 3 1 1 0 0 0 1 1 2 1 1 0 0 0 0 9 3 0 0 0 0 0 0 0 0 0 0 23 0 0 0 5 3 5 2 1 0 0 0 0 10 0 1
63 ATA 0 1 1 3 7 3 0 0 1 0 0 0 160098 1 27 64 4 2 0 0 0 3 2 2 0 2 1 0 2 1 1 1 0 2 0 0 0 0 0 0 1 0 0 0 8 0 0 0 45 31 1 0 0 0 0 0 7 0 1 2 3 0 0 0
64 GAG 2 0 8 0 0 0 0 0 0 0 2 0 0 0 0 1 1 2 0 0 2 2 0 0 0 0 1 0 0 4 1 0 97 4 160440 2 0 0 0 1 0 0 15 0 0 0 1 1 8 2 27 0 0 0 0 0 0 0 3 0 0 0 1 0
65 AGA 19 2 2 1 2 2 0 0 160293 0 8 1 0 0 0 0 0 0 0 0 0 1 2 0 3 14 0 2 0 0 0 0 0 0 0 0 1 0 0 0 13 0 0 0 0 0 0 0 1 0 5 0 0 0 0 0 3 0 0 0 2 0 0 0
66 ATG 0 0 0 0 19 0 6 0 0 0 0 0 9 0 160342 1 0 0 0 0 0 0 0 0 0 0 0 0 0 0 1 0 0 0 0 0 0 0 0 0 0 0 0 0 0 0 9 0 0 0 0 0 0 0 0 0 0 0 0 0 0 0 3 0
67 GTG 0 0 0 0 0 0 0 0 0 0 0 0 0 0 13 0 0 0 0 0 0 0 1 0 0 0 2 0 0 0 0 0 0 5 1 0 0 3 7 0 0 0 1 0 82 1 160566 13 0 0 0 0 0 0 0 0 5 0 0 0 0 0 0 0
68 CTC 0 0 2 0 0 0 0 0 0 0 0 0 4 8 1 0 2 0 0 0 1 42 0 1 0 0 0 0 8 160324 1 10 0 0 0 0 0 0 0 0 1 0 2 0 2 3 0 1 0 0 96 0 0 1 0 0 28 1 0 0 0 16 0 1
69 TCT 0 0 0 1 4 0 0 8 0 0 0 0 0 0 0 0 1 0 0 0 0 0 0 22 0 0 0 0 0 1 0 1 0 0 0 0 3 0 0 0 1 1 0 2 0 0 2 0 1 0 17 1 8 63 5 160730 0 1 0 0 0 1 0 7
70 GCT 1 0 0 0 1 1 1 61 0 0 0 0 0 0 0 0 0 0 0 2 1 0 0 1 1 0 0 0 1 0 0 0 0 0 0 6 2 30 10 160542 0 0 0 1 0 0 0 9 5 4 11 0 0 0 0 2 5 0 0 0 0 0 0 0
71 TTT 0 0 0 0 2 0 0 0 0 0 0 0 0 1 0 2 5 3 7 2 0 1 0 0 0 2 0 0 2 0 0 8 1 0 2 0 0 0 0 0 0 0 1 0 3 0 0 2 0 3 4 5 0 1 0 10 1 0 3 0 4 14 2 160656
72 GAC 0 4 0 0 0 0 0 2 0 0 0 0 0 0 0 0 0 1 0 0 0 2 0 0 0 0 3 0 1 0 2 5 6 160602 4 127 0 2 0 0 0 28 0 0 0 1 0 0 3 1 1 0 0 0 0 0 11 0 0 0 1 0 0 0
73 GAA 52 0 4 0 10 0 3 0 0 0 6 0 0 0 0 0 11 0 0 0 0 3 0 0 0 1 0 0 0 8 0 1 160641 2 22 0 0 2 0 0 13 0 2 11 2 0 0 0 4 8 0 17 2 8 4 3 5 0 0 0 9 0 1 13
74 AGA 24 12 0 0 1 0 0 0 160660 1 15 0 5 0 0 0 1 0 0 1 0 0 0 0 10 1 3 4 0 0 1 0 0 0 0 0 0 0 5 0 22 0 0 0 0 0 0 0 1 0 0 0 3 0 0 0 36 0 0 0 0 0 5 0
75 AGG 0 0 20 0 0 0 0 0 33 0 160570 0 0 0 8 0 0 0 0 0 0 0 0 0 5 0 1 0 0 0 0 0 0 0 2 0 5 0 0 0 0 0 13 0 0 0 1 0 5 0 2 0 0 0 0 0 1 0 0 0 0 0 0 0
76 AAT 0 22 0 160617 0 0 0 5 0 0 0 2 0 0 0 1 0 0 0 0 0 0 0 0 0 0 0 0 0 1 0 0 0 0 0 4 2 1 0 0 0 0 4 0 0 0 0 1 0 0 29 0 0 0 0 0 9 0 0 0 0 0 0 1
77 AAA 160847 4 15 0 2 0 0 0 16 0 0 0 0 0 0 1 0 0 1 0 0 0 0 0 30 2 0 0 0 3 0 0 17 1 0 0 0 1 0 0 1 0 0 0 0 0 0 0 1 0 0 0 0 0 0 0 0 0 0 0 0 0 0 0
78 TAT 3 0 1 0 4 0 0 0 0 0 0 2 1 0 0 0 0 0 0 15 0 0 0 0 0 0 0 0 0 0 1 0 0 0 0 1 0 0 0 0 0 0 1 0 0 0 0 4 13 7 9 160894 0 0 0 0 0 0 0 4 0 4 0 0
79 CTG 0 0 0 1 0 1 0 0 0 0 6 0 0 6 3 0 0 0 6 0 0 3 20 0 1 1 3 1 35 79 160738 5 0 0 0 0 1 0 0 0 0 0 1 0 0 0 3 0 14 0 3 0 0 0 0 0 0 0 0 1 8 1 6 0
80 GAA 15 3 0 0 8 3 19 14 4 9 4 8 14 0 0 17 41 4 12 5 0 1 2 0 1 2 0 0 0 4 9 2 160182 14 11 2 2 9 10 0 11 4 0 0 19 0 6 0 10 5 8 1 16 12 6 2 11 8 0 2 0 2 2 0
81 GAA 35 8 0 1 4 0 0 6 6 1 1 0 1 2 1 0 2 11 6 4 0 0 0 0 2 0 1 0 1 1 1 10 160533 11 43 0 5 13 0 0 67 0 0 0 6 2 2 7 10 0 3 0 4 1 1 6 2 2 2 3 8 8 6 2
82 CAT 10 3 4 11 3 0 0 0 10 0 20 0 1 0 5 0 6 11 1 160590 0 0 0 3 42 1 1 83 3 1 3 0 1 0 0 2 10 0 0 0 1 0 0 1 2 0 0 0 7 0 19 8 11 0 0 0 11 0 0 0 0 0 0 2
83 CCC 4 5 2 0 18 9 1 2 0 0 1 0 0 6 4 35 2 13 0 1 50 159647 23 81 2 5 6 2 3 4 9 0 0 0 0 3 2 1 1 0 1 5 3 3 5 0 3 0 0 2 4 2 0 2 3 1 15 2 0 0 0 2 0 2
84 AGC 1 11 11 2 2 4 0 1 11 157976 4 53 0 4 3 1 49 0 4 14 0 7 0 0 0 3 3 0 0 8 0 0 0 1 0 0 0 23 109 13 1 37 3 9 0 38 4 11 0 0 0 6 2 0 0 1 1 10 0 0 6 0 1 0
85 GCG 3 3 3 9 0 1 74 0 0 0 1 0 2 4 26 4 2 0 0 0 1 23 4 0 0 2 0 5 0 3 0 3 0 0 5 0 54 13 146249 8 8 10 8 1 0 26 52 2 7 17 125 1 2 3 13 2 1 0 2 10 1 0 0 1
86 GGG 0 4 0 0 1 1 0 3 0 0 7 2 0 1 0 3 9 27 0 0 4 1 1 0 0 0 0 0 0 1 6 1 2 0 21 0 1 6 8 1 8 0 145737 9 1 0 0 6 0 0 11 13 26 0 0 0 9 0 4 1 0 6 0 5
87 AAG 47 0 148844 24 2 0 0 0 0 0 14 0 0 0 5 0 0 0 1 0 1 0 0 0 2 0 1 0 0 0 0 0 3 0 33 0 0 0 0 0 0 0 0 0 0 0 3 0 1 0 1 9 0 0 0 0 12 0 0 0 0 0 0 0
88 GAT 0 19 0 95 0 0 0 0 0 0 5 0 0 0 0 0 1 0 0 2 1 1 0 0 0 0 6 0 0 0 3 0 0 14 0 148476 0 1 0 0 3 0 1 3 0 0 2 0 0 0 0 0 1 0 0 1 3 6 0 1 0 0 0 0
89 CCT 1 0 0 1 2 2 0 3 0 1 1 0 0 0 1 1 5 0 0 20 98 67 20 148607 8 0 1 2 4 1 0 5 0 0 2 0 5 3 0 1 7 3 1 14 0 1 4 3 32 1 26 0 24 2 6 9 25 2 6 12 1 0 0 5
90 AAG 20 10 148473 9 4 2 74 9 0 3 11 2 0 0 19 0 12 7 2 0 0 0 0 0 2 1 9 7 0 0 6 0 0 0 13 0 3 15 0 1 16 3 15 15 3 1 1 0 0 0 2 1 2 6 2 0 1 2 0 0 4 0 2 0
91 AAA 149441 2 8 0 1 0 0 0 8 0 0 0 0 0 1 0 0 0 0 0 2 0 1 2 4 0 2 4 2 0 0 0 8 1 0 1 1 0 3 0 1 0 0 0 0 0 0 0 1 0 9 1 0 0 1 0 18 0 0 0 1 0 0 0
92 ACT 0 0 0 2 6 11 4 149045 0 0 0 0 0 0 0 2 0 0 0 0 0 0 0 0 0 0 0 0 0 0 0 0 0 0 0 1 0 0 0 7 0 0 0 0 0 0 0 0 2 0 0 0 0 1 0 1 1 0 0 0 0 0 0 0
93 GGA 0 3 0 3 4 0 0 0 6 0 0 0 0 0 0 0 0 0 0 2 0 0 0 1 1 0 0 0 0 1 0 0 6 0 0 0 7 16 0 0 148803 34 57 8 0 0 0 0 0 0 0 0 0 2 0 0 54 0 0 0 0 0 1 0
94 GGA 0 0 0 2 0 0 0 0 15 0 0 0 0 0 0 0 0 4 0 0 0 0 0 0 0 0 1 0 0 0 0 0 10 0 0 0 0 1 0 0 148695 8 21 0 1 0 0 0 0 0 0 0 0 16 0 0 47 0 0 0 0 0 0 0
95 CCC 0 0 0 0 0 2 0 0 0 4 0 0 0 0 0 0 0 3 0 0 10 148917 7 15 0 0 0 0 0 7 0 0 0 0 0 0 0 3 1 0 0 0 13 0 1 0 0 0 2 1 2 0 0 11 0 0 0 0 0 0 0 0 0 0
96 ATA 0 0 0 0 16 0 1 0 0 0 0 0 149634 0 10 1 0 0 0 0 0 0 0 1 0 0 0 1 2 2 0 0 0 0 0 0 0 0 0 0 0 1 0 0 9 0 3 0 4 0 0 0 2 0 0 0 0 0 0 0 0 0 0 0
97 TAC 0 1 0 0 0 0 0 0 0 0 0 0 0 0 0 0 1 13 0 0 0 0 0 0 0 0 0 0 0 0 0 0 0 1 1 0 1 0 0 0 0 0 0 0 0 0 0 0 4 149719 4 13 0 5 0 0 0 12 0 0 0 21 0 0
98 AAG 31 0 148909 1 0 4 10 0 10 0 66 2 0 0 2 0 0 2 2 0 2 0 0 0 0 9 4 1 0 0 0 0 0 0 24 0 0 4 1 0 0 0 0 0 0 0 0 0 1 1 1 0 0 0 0 0 3 0 0 0 0 1 0 1
99 AGA 8 0 0 0 0 0 0 0 148974 0 14 5 2 0 0 0 0 0 0 0 0 0 0 0 0 51 0 1 0 0 0 0 0 0 0 0 0 0 0 0 7 0 0 0 0 0 5 1 3 2 11 0 2 0 0 0 0 0 0 0 0 0 0 0
100 GTA 0 0 8 0 2 2 2 0 70 0 3 1 32 1 0 5 0 9 0 6 8 8 1 3 0 26 34 78 6 3 0 0 3 0 3 0 20 12 0 1 5 2 1 4 148518 4 27 7 6 0 0 0 1 12 1 22 0 4 1 0 8 5 0 2
101 GAT 0 0 2 36 1 0 0 0 0 0 9 4 0 2 2 0 0 5 0 2 0 1 0 2 0 1 3 0 0 1 2 3 0 42 6 149006 5 1 2 5 0 0 5 38 1 0 0 0 2 0 1 6 0 6 14 0 0 2 0 2 1 0 0 0
102 AGA 15 0 0 0 1 87 2 1 149251 1 17 2 1 0 0 0 0 7 1 2 0 1 0 0 0 0 0 3 1 2 0 1 0 0 0 0 1 1 0 4 10 0 6 0 0 0 1 0 3 1 0 1 0 2 0 0 0 0 0 0 0 0 0 0
103 AAG 71 0 148812 1 1 0 0 0 2 0 19 0 0 0 1 0 0 2 1 0 1 3 0 0 8 2 0 0 0 0 3 0 0 0 6 2 0 0 4 0 0 0 1 0 0 0 0 0 1 3 0 1 0 4 0 0 0 0 0 0 0 1 0 0
104 TGG 0 1 2 0 0 2 0 0 0 0 0 3 0 0 0 1 0 0 0 0 0 0 0 0 0 0 4 2 2 1 0 0 0 0 0 0 0 0 1 1 0 0 2 0 0 0 1 0 21 0 14 1 0 0 3 0 38 0 149342 2 0 0 2 0
105 ATG 0 0 1 0 11 24 15 0 0 1 16 0 34 4 148969 6 0 0 0 0 0 0 0 0 12 0 43 0 7 0 5 4 0 0 2 0 1 0 2 1 0 1 0 2 1 2 31 0 3 0 1 0 4 3 0 0 0 0 0 0 0 0 4 0
106 AGG 0 0 16 0 1 0 1 0 16 0 149480 0 9 0 15 0 0 2 0 0 0 0 1 0 0 1 11 4 0 0 0 0 0 0 0 0 0 0 0 0 0 1 32 0 0 0 0 0 0 0 0 0 1 0 0 0 0 0 5 0 0 0 0 0
107 GAA 10 0 0 0 0 2 0 0 0 0 0 0 0 0 0 0 0 2 0 0 0 0 0 2 0 0 0 1 0 0 0 0 149396 5 5 1 0 0 0 0 7 0 0 0 0 0 1 0 3 0 0 1 0 1 0 0 3 0 1 0 0 0 0 0
108 CTC 0 0 0 0 0 0 6 1 0 0 3 2 4 9 0 0 0 6 3 1 0 15 0 0 0 3 0 0 2 149438 0 10 0 0 0 0 0 0 0 0 0 0 0 0 0 5 1 0 0 0 0 0 0 0 0 0 0 0 0 3 0 10 8 0
109 GTC 0 0 0 0 6 0 0 0 0 0 0 0 0 34 0 0 0 0 1 0 0 2 0 0 0 0 1 0 0 1 0 0 1 0 0 0 0 13 0 0 0 2 0 0 4 149213 9 20 0 3 0 0 0 0 0 0 5 0 0 0 0 0 3 0
110 CTT 0 1 1 0 0 1 0 0 0 14 0 1 0 0 0 8 0 0 0 3 0 2 2 9 0 0 0 2 3 11 0 149127 0 0 0 0 0 0 0 0 0 0 2 0 1 0 0 3 3 0 11 2 0 0 0 0 2 0 0 0 0 0 0 4
111 TAT 0 0 0 0 2 0 0 0 0 2 0 2 0 7 0 0 1 0 0 20 0 0 0 0 0 2 0 0 0 0 0 17 0 0 0 0 0 0 0 0 0 0 0 1 3 0 0 0 2 11 1 149385 0 0 0 0 20 0 10 13 12 1 1 14
112 GAC 0 29 1 0 0 1 0 0 0 0 0 0 0 0 0 0 0 2 1 0 0 0 5 3 0 1 0 0 1 6 0 0 5 149502 2 14 2 1 0 0 0 16 3 1 0 1 0 0 0 1 3 1 0 1 2 1 0 1 0 0 0 0 0 0
113 AAA 149643 3 31 0 1 0 0 0 10 0 0 0 0 0 0 0 0 0 0 0 1 0 0 0 0 0 0 0 0 0 0 0 10 0 0 0 1 0 0 0 0 0 0 0 0 0 0 0 0 0 0 0 0 0 0 0 0 1 0 0 0 0 0 0
114 GAA 9 6 0 0 0 0 0 0 0 0 0 0 0 0 1 0 0 0 0 0 0 1 0 0 0 0 0 0 0 1 0 3 149507 3 24 0 18 0 1 0 13 0 0 0 2 0 0 1 4 0 0 0 0 12 0 2 6 0 0 0 0 0 0 0
115 GAA 13 0 0 0 0 0 0 0 0 3 0 0 0 0 0 0 4 0 0 0 2 0 0 0 0 0 0 0 1 0 0 0 149409 0 2 0 0 0 0 0 7 0 0 0 4 0 0 0 2 0 0 0 0 0 0 0 0 0 0 0 0 0 0 0
116 ATA 1 0 0 3 3 0 0 0 1 0 0 0 149849 9 36 6 0 0 0 0 0 1 1 0 0 0 2 0 5 0 0 0 0 0 0 1 0 0 0 0 0 0 1 0 4 0 0 0 1 0 1 0 0 0 0 0 0 0 0 0 1 0 0 0
117 AGG 1 0 4 0 0 0 0 1 50 0 148801 1 0 0 7 0 1 0 0 0 0 5 0 0 16 0 6 11 0 0 1 0 15 0 0 0 0 0 0 4 0 0 24 0 0 1 0 0 1 2 2 0 0 0 0 0 0 0 2 1 0 1 1 0
118 CGA 11 0 0 0 0 1 0 0 3 0 0 0 0 0 0 0 15 0 0 2 0 1 0 0 148245 5 10 0 3 0 2 0 0 0 0 0 0 0 1 0 0 0 0 0 0 0 0 0 7 0 17 0 0 1 0 0 32 0 0 0 0 0 0 0
119 ATC 0 0 0 0 0 7 0 0 0 1 2 0 8 147333 0 3 0 0 0 0 0 0 0 0 0 0 0 0 0 7 0 0 0 0 0 0 0 0 0 0 0 0 0 0 0 12 0 1 0 0 0 0 0 0 0 0 1 0 1 0 0 1 0 0
120 TGG 0 4 0 0 0 0 0 0 0 0 1 0 0 0 0 0 0 0 0 0 0 1 1 0 0 0 16 0 0 0 1 0 0 0 0 0 0 0 0 0 0 1 2 0 2 0 0 0 0 0 20 0 0 0 0 0 8 0 149076 2 0 0 1 0
121 CGC 0 0 3 0 0 0 0 0 11 3 55 0 0 0 0 1 0 48 3 3 0 1 0 0 20 147992 10 22 0 2 0 0 0 1 0 0 0 0 0 0 3 5 0 0 0 0 0 0 0 0 0 0 3 1 2 1 0 28 1 0 0 1 0 0
122 CAA 7 1 0 0 0 3 1 0 0 0 11 0 8 0 1 0 146629 4 13 5 0 0 1 0 64 5 0 3 1 1 2 0 1 0 0 0 0 0 0 1 0 2 1 0 50 0 13 0 4 0 0 0 0 4 1 0 2 0 0 12 0 0 23 0
123 GCC 0 0 0 0 0 41 3 0 0 1 0 0 0 0 0 0 0 0 0 0 0 7 1 0 0 0 0 0 2 0 0 0 0 1 1 0 4 148827 0 5 0 1 1 3 0 22 0 1 6 0 0 0 0 9 0 0 0 0 0 0 0 0 0 0
124 AAT 0 7 0 123748 0 0 0 0 0 0 1 3 1 0 0 2 0 0 0 0 0 0 0 0 0 0 0 0 0 0 0 0 0 0 0 17 0 0 0 0 0 0 0 0 0 0 2 0 0 0 3 1 0 0 0 0 0 0 1 0 0 0 0 1
125 AAT 4 7 1 107683 0 0 0 1 0 0 1 3 0 0 4 0 0 0 0 6 1 1 0 2 0 5 5 0 0 0 2 0 0 0 0 7 0 0 1 0 0 3 1 0 0 0 0 0 0 0 9 1 0 0 0 0 0 0 2 1 2 1 0 0
126 GGT 3 0 0 1 0 0 0 0 0 1 2 6 1 0 0 1 0 0 0 0 0 0 0 0 1 0 0 0 1 0 0 0 0 0 0 5 0 1 2 0 4 16 10 124905 3 0 0 1 1 0 1 0 0 1 0 0 2 0 0 0 0 0 0 0
127 GAT 20 8 0 22 3 2 3 1 5 0 0 1 4 6 0 0 1 4 1 0 0 0 3 0 0 0 3 1 4 2 3 0 5 16 3 117758 14 2 6 2 0 30 24 13 26 0 0 13 1 3 0 1 63 16 1 10 0 2 0 0 0 0 0 0
128 GAT 0 1 0 6 0 0 5 3 14 0 0 7 0 0 0 0 1 0 8 1 1 1 0 0 0 1 2 0 0 0 1 3 4 6 12 130257 0 0 0 1 1 3 7 17 7 0 7 0 2 1 0 6 0 0 8 7 0 1 0 3 21 0 1 0
129 GCA 0 1 0 0 34 3 0 0 2 8 0 2 0 0 6 0 1 0 0 1 1 0 1 0 2 0 0 0 0 0 0 0 1 0 0 0 144078 5 56 6 0 1 22 1 23 0 0 2 30 0 16 0 6 0 2 0 2 0 0 0 0 0 0 0
130 ACA 32 1 0 0 140947 3 11 39 1 1 1 4 9 0 2 1 0 1 1 0 4 0 0 0 4 0 2 6 2 1 5 1 0 0 0 0 3 0 0 23 1 0 2 0 3 2 0 0 2 0 3 0 1 0 0 1 0 0 0 2 0 0 2 0
131 GCT 0 0 0 0 1 0 1 16 0 11 0 0 1 0 0 0 1 1 1 0 0 6 16 20 0 0 0 0 0 0 0 0 0 0 1 4 2 20 3 139367 0 0 1 1 0 0 2 8 0 1 0 0 0 3 0 4 0 0 0 0 0 1 0 0
132 GGT 1 0 0 0 0 0 0 0 0 0 0 11 0 0 0 0 0 0 0 0 2 0 0 0 0 1 0 1 0 0 0 2 0 0 0 4 0 0 0 0 4 22 12 138513 0 0 0 1 13 0 0 0 0 0 0 1 0 0 1 0 0 0 0 0
133 CTG 0 1 0 0 0 1 0 0 0 0 0 0 0 1 5 1 1 0 1 1 0 3 14 0 0 0 0 0 32 8 141296 1 0 0 0 0 0 1 0 0 0 0 0 0 0 0 0 0 2 0 2 0 0 0 0 0 0 0 0 0 0 0 9 0
134 ACT 0 0 0 4 22 29 3 140398 0 3 0 2 0 0 0 12 0 1 1 0 4 0 0 1 0 0 0 0 1 3 0 0 0 0 0 0 0 0 0 25 0 0 1 0 0 0 0 1 6 0 0 0 0 7 0 1 0 2 1 7 0 0 0 0
135 CAC 0 2 1 0 0 1 0 0 0 0 0 0 42 1 0 1 1 138358 0 21 0 0 0 0 0 14 0 1 0 2 0 0 0 0 1 0 0 0 0 0 0 0 1 0 0 0 0 0 5 3 0 0 0 0 0 0 0 0 0 1 1 0 0 0
136 ATG 1 0 2 2 0 0 8 1 0 0 0 0 80 152 139869 150 0 0 0 0 0 0 0 0 0 0 0 0 8 3 26 7 0 0 0 0 0 0 0 0 0 0 0 0 0 5 18 1 0 0 1 0 0 0 0 3 3 0 0 0 1 1 1 0
137 ATG 0 0 0 0 0 0 7 0 0 0 0 1 9 0 130500 0 0 0 0 0 0 0 0 0 0 0 0 0 0 0 1 0 0 0 1 0 0 4 0 0 0 0 0 0 0 0 14 0 0 2 0 0 0 0 0 0 0 0 0 2 0 0 0 0
138 ATC 0 1 0 0 0 8 0 0 0 0 0 0 5 132060 0 10 0 0 0 0 0 0 0 0 0 0 0 0 0 0 0 0 0 0 0 0 0 0 0 0 0 0 0 0 0 5 0 0 0 0 0 0 0 0 0 0 0 0 0 0 0 0 1 0
139 TGG 0 0 0 0 0 0 0 0 0 0 5 0 0 0 0 4 0 0 0 0 1 1 1 0 0 0 40 0 0 0 0 0 0 0 0 0 0 0 0 0 0 0 2 0 0 0 0 0 0 0 12 0 0 0 0 0 42 0 143410 0 0 0 7 0
140 CAT 0 0 0 2 0 0 0 0 0 0 0 0 0 0 0 0 0 9 5 149029 0 0 2 2 0 0 0 2 0 0 0 0 0 0 0 0 0 0 0 0 0 0 0 5 0 0 0 0 2 0 0 25 0 0 0 1 0 0 0 2 0 0 0 0
141 TCC 1 0 0 0 0 1 0 0 0 0 0 0 0 0 0 0 0 0 0 0 0 13 0 0 0 0 0 0 0 0 0 0 0 0 0 0 0 0 1 0 1 1 1 0 0 0 0 2 0 1 1 0 11 149372 1 18 0 0 0 0 0 7 0 0
142 AAT 2 20 1 149654 0 0 0 2 0 0 0 5 0 0 0 0 0 0 0 0 2 0 0 0 1 0 0 1 0 0 0 2 0 0 0 15 0 0 0 0 0 0 0 0 0 0 0 0 0 0 1 0 0 0 0 0 0 0 0 0 0 0 3 6
143 TTG 0 0 0 1 0 0 0 0 0 0 0 1 0 0 0 0 0 0 2 8 1 0 0 0 0 0 0 0 8 24 10 0 0 0 0 0 2 0 0 0 0 1 0 1 0 0 1 0 2 0 6 0 0 0 10 0 0 0 0 0 13 0 148911 0
144 AAT 4 20 0 149038 3 2 0 0 0 0 0 17 0 1 0 0 0 0 0 0 0 0 1 0 1 0 0 0 0 0 1 0 1 0 0 30 0 0 1 0 0 0 1 0 0 0 0 0 44 0 0 1 0 0 0 0 0 0 0 1 0 0 0 0
145 GAT 0 0 0 9 0 0 1 1 0 0 0 0 0 0 0 0 0 0 0 0 0 0 0 0 0 0 0 1 0 0 0 0 1 14 0 149057 0 0 0 0 0 0 0 11 0 0 0 0 0 0 0 2 0 0 0 0 0 0 0 0 0 0 2 0
146 ACA 7 0 0 0 148772 7 26 4 0 3 0 3 14 0 1 0 0 0 0 0 0 2 0 0 0 0 0 0 0 0 0 0 0 1 0 0 789 0 0 38 0 0 0 1 0 0 0 1 0 0 0 2 0 0 0 0 1 0 0 0 0 0 0 0
147 ACA 2 0 0 0 149318 1 5 0 2 0 0 0 1 0 1 0 0 0 0 0 1 0 0 0 0 0 0 0 0 0 0 0 0 0 0 0 21 0 0 0 0 0 0 11 0 0 0 0 10 1 0 0 0 0 0 0 0 0 0 0 0 0 0 0
148 TAC 0 0 0 0 0 0 0 0 0 0 0 0 0 0 0 0 0 10 0 0 2 2 0 0 0 0 0 0 0 0 0 0 0 0 0 0 0 0 0 0 0 0 0 0 0 0 0 0 0 149390 0 6 0 1 0 0 0 9 0 0 0 0 0 0
149 CAG 0 0 2 0 0 1 0 0 0 0 0 0 0 0 0 0 14 0 149435 1 0 0 0 2 0 5 35 0 0 0 3 0 0 0 3 0 2 0 0 0 0 0 0 0 0 0 0 0 0 1 17 2 0 0 0 0 0 1 0 0 0 0 0 0
150 AGG 0 0 13 0 0 2 0 0 17 1 149475 2 0 0 5 0 0 0 0 0 0 0 0 0 0 6 5 0 0 0 0 0 0 0 0 0 0 0 0 0 0 0 22 1 0 0 0 2 0 0 0 0 0 3 1 0 0 0 4 0 0 0 0 0
151 ACA 1 1 0 0 149584 15 25 0 2 0 2 0 1 0 0 0 0 0 0 1 1 0 0 0 0 0 0 0 0 0 0 0 0 0 0 0 26 0 12 0 0 1 0 0 0 0 0 0 5 0 0 0 1 0 0 0 3 0 0 8 0 0 0 0
152 AGA 16 0 3 0 8 0 3 0 149297 0 27 0 5 1 0 0 0 2 0 0 0 0 0 0 10 14 20 8 0 0 0 1 0 0 0 2 0 0 2 0 20 0 0 2 0 0 0 0 0 1 3 0 0 2 0 0 16 0 0 1 0 0 0 0
153 GCT 0 7 0 0 0 0 0 17 1 1 0 0 2 1 0 0 1 19 1 0 0 1 0 0 0 0 0 5 0 0 10 0 0 0 0 2 5 13 36 149470 0 0 0 1 0 1 0 3 0 0 0 0 0 1 1 5 0 0 0 0 0 0 0 0
154 CTT 0 0 0 0 1 0 0 0 0 0 1 0 17 0 6 29 0 0 2 2 0 0 0 11 0 0 1 0 5 46 0 148422 0 0 0 0 0 4 0 0 0 0 0 0 0 0 0 2 0 0 0 0 3 0 0 0 0 1 0 0 0 1 6 1
155 GTT 7 1 0 1 2 4 0 0 4 1 2 0 3 0 0 8 0 0 2 0 0 0 0 0 0 0 0 0 0 0 4 0 0 0 0 3 2 0 1 15 6 0 3 2 26 15 16 148060 2 2 2 1 0 1 0 0 10 0 0 0 2 0 0 0
156 CGC 0 0 1 0 0 0 7 0 1 4 35 0 0 0 0 0 0 72 0 0 0 1 0 0 35 146431 34 27 0 10 0 0 0 2 0 0 1 0 5 1 0 3 1 0 0 0 0 0 0 0 3 0 1 0 1 0 2 29 0 0 0 0 0 0
157 ACC 1 1 0 0 37 146902 11 65 0 11 0 11 2 54 0 38 0 10 0 0 0 1 1 0 0 0 0 0 2 5 0 0 1 1 0 0 114 13 13 4 1 3 0 1 46 11 15 1 1 0 0 1 18 3 15 0 0 1 1 7 0 0 0 4
158 GGC 0 0 0 1 2 0 0 0 0 48 0 0 0 0 1 0 3 2 0 9 0 0 0 0 0 4 0 0 4 1 0 7 0 49 0 2 0 2 0 0 120 149240 13 17 0 2 0 0 6 1 4 0 0 1 1 2 28 3 0 0 0 1 0 0
159 ATG 0 0 2 0 1 0 9 0 0 0 2 4 11 1 149409 6 0 0 0 0 0 0 0 4 4 0 0 0 6 6 3 0 0 0 0 0 0 0 0 0 0 4 0 1 0 0 12 0 1 1 4 0 0 1 0 0 0 0 0 0 10 0 18 1
160 GAT 0 0 0 9 2 2 0 4 0 0 0 0 1 0 0 0 14 2 0 0 0 0 0 0 0 0 0 0 0 0 0 0 4 15 0 149537 0 0 0 3 0 0 9 11 0 0 1 2 5 3 1 0 1 0 1 0 14 1 3 1 0 0 7 0
161 CCC 4 1 0 2 1 2 1 0 0 3 6 45 0 1 0 0 6 2 0 1 22 149533 25 80 7 8 0 0 0 4 0 3 0 0 0 4 2 1 0 6 1 1 1 0 0 2 0 1 1 0 1 1 0 11 0 0 1 0 0 0 0 0 0 0
162 AGG 3 1 6 0 0 0 0 5 28 0 149161 5 0 0 9 0 1 6 3 1 0 1 1 0 0 2 17 37 0 1 0 0 0 1 0 0 0 0 0 2 1 0 42 0 1 0 1 1 3 0 1 0 0 0 0 0 1 0 3 1 0 0 1 0
163 ATG 0 0 5 2 0 0 6 0 0 0 1 0 13 0 149671 7 1 0 1 0 0 0 0 0 0 0 0 0 1 0 0 0 0 0 0 0 0 0 0 0 0 0 0 0 3 0 10 0 0 2 0 0 1 0 0 0 0 3 0 11 0 0 1 0
164 TGC 0 1 3 0 1 0 9 0 0 21 2 1 0 9 0 5 0 2 26 0 0 0 0 0 0 9 2 0 0 0 0 0 0 0 0 0 11 93 1 0 0 1 0 0 0 9 113 0 0 68 0 0 0 4 0 0 2 149137 1 49 0 4 0 0
165 TCT 0 1 0 0 11 0 6 20 0 0 0 23 0 0 4 0 1 0 0 0 0 1 1 9 0 0 0 0 0 0 0 0 0 0 0 0 4 2 3 5 2 1 1 0 0 3 1 0 1 2 0 4 3 11 113 149611 0 0 0 1 1 0 0 3
166 CTG 0 0 0 0 0 0 0 1 0 0 0 0 1 0 5 1 0 0 1 0 0 0 25 0 0 0 1 0 39 13 149565 0 0 1 0 0 7 0 0 0 1 0 0 6 0 0 0 0 1 0 0 0 0 0 0 0 1 0 1 1 3 0 3 2
167 ATG 0 0 1 0 0 1 7 0 0 0 1 0 52 1 149525 1 0 1 0 0 0 0 1 0 1 0 0 0 0 49 7 0 0 0 0 0 0 2 0 0 0 1 0 0 1 0 6 0 0 0 1 1 1 0 0 0 0 1 0 0 0 0 5 0
168 CAG 1 0 2 1 0 1 0 0 0 0 1 5 0 0 5 0 21 0 144388 4 0 1 3 0 0 0 42 0 0 0 1 0 0 0 6 0 8 1 0 0 0 5 0 0 0 1 0 0 2 1 46 0 1 0 0 1 3 0 0 0 0 0 0 0
169 GGT 0 0 0 0 0 0 0 0 0 1 0 11 0 0 0 0 0 0 0 0 1 0 0 0 0 2 0 0 0 0 0 0 0 0 0 17 0 0 0 2 3 15 60 142837 0 0 0 1 0 0 0 0 0 0 0 0 0 0 0 9 3 0 0 0
170 TCG 0 0 0 0 0 0 0 0 0 0 0 0 0 0 0 0 0 0 0 0 0 0 10 1 0 1 0 0 0 0 0 0 1 0 2 0 0 0 0 0 0 0 0 1 0 0 0 0 0 0 2 0 50 0 143545 12 0 0 0 0 0 0 28 0
171 ACT 0 0 0 2 24 38 5 143883 0 0 0 0 0 0 2 11 0 0 0 0 4 0 0 0 0 0 0 0 0 0 0 0 0 0 0 0 0 0 0 30 0 0 0 0 0 0 2 0 0 0 0 0 0 0 0 1 0 0 0 3 2 0 0 0
172 CTC 0 0 0 0 0 0 0 0 0 0 0 0 1 0 0 0 1 1 1 0 0 14 0 1 0 0 0 0 4 144527 0 9 0 0 0 3 0 0 2 0 0 0 0 0 0 1 1 1 1 0 2 0 0 0 0 0 0 0 0 0 27 4 8 2
173 CCT 1 0 0 0 0 0 0 2 0 2 0 0 0 0 0 3 1 0 0 0 10 54 25 144145 0 0 4 1 0 0 0 6 0 0 0 8 0 0 1 4 0 1 0 2 0 0 0 0 2 0 0 0 0 0 1 5 0 0 1 0 0 0 0 2
174 AGG 2 0 4 1 1 0 0 0 5 0 143908 3 0 0 2 0 0 0 0 0 1 0 0 0 0 0 3 4 0 0 2 0 0 0 0 0 0 0 0 0 0 0 15 0 0 0 0 0 0 1 0 0 0 0 0 0 0 0 0 0 0 0 0 0
175 AGG 0 0 13 1 0 0 0 0 15 0 143971 3 7 0 2 0 0 0 0 0 0 0 0 0 0 0 10 0 0 0 0 0 0 0 0 0 0 0 0 0 0 0 18 0 0 0 0 0 0 0 0 0 0 0 2 0 0 0 1 0 0 0 0 1
176 TCT 0 0 0 0 0 0 0 2 0 0 6 0 0 0 0 1 0 0 0 0 0 1 0 7 0 0 0 0 0 0 0 0 0 0 0 0 8 0 0 0 0 0 0 0 0 0 0 0 0 0 0 3 23 67 2 144182 0 0 0 0 0 0 0 1
177 GGA 0 0 1 0 0 0 0 0 10 0 0 0 0 0 0 0 1 1 0 0 0 0 0 0 0 0 0 0 0 0 0 0 5 0 0 0 0 0 1 0 143613 1 50 0 1 0 0 0 0 0 4 0 0 0 0 0 6 0 0 0 0 0 0 0
178 GCT 0 0 0 0 0 1 0 39 0 2 1 6 0 6 0 0 3 0 0 0 2 1 0 1 3 2 0 0 0 0 9 1 0 0 0 2 10 13 0 144300 0 0 0 7 2 0 0 16 0 0 0 0 0 2 0 6 0 0 0 0 0 0 1 1
179 GCA 0 0 0 0 75 0 0 0 0 0 0 0 2 0 0 0 0 4 0 0 0 0 0 0 0 0 0 0 0 0 0 0 3 0 0 0 143631 12 167 12 4 0 0 1 30 0 0 0 1 0 2 0 2 0 0 0 0 3 0 0 1 0 0 0
180 GGC 0 0 0 0 0 0 0 0 1 6 0 0 0 0 0 0 0 0 0 0 0 0 0 0 0 2 0 0 0 1 0 0 0 17 0 0 0 0 0 0 21 143191 11 49 0 0 0 0 0 2 0 0 0 0 0 0 0 11 0 0 0 0 0 0
181 GCT 0 0 0 0 1 0 0 49 0 2 1 0 0 0 1 0 1 26 1 6 0 0 0 3 0 0 0 0 2 0 0 0 0 0 0 0 4 89 14 142434 0 0 3 0 0 0 0 5 2 0 0 0 0 0 0 4 2 0 1 0 0 4 0 3
182 GCA 0 1 0 2 78 1 0 0 0 0 0 0 0 0 1 0 0 1 1 0 0 1 0 0 0 0 0 0 0 0 0 0 0 0 0 0 143232 5 26 19 0 2 2 0 92 0 0 0 1 0 0 0 3 0 0 0 1 0 0 0 1 1 0 0
183 GTC 0 0 0 0 0 0 0 0 0 0 3 0 1 45 0 0 0 0 2 0 0 1 0 0 0 3 0 0 1 0 0 1 0 1 0 0 0 17 0 0 1 0 0 0 1 144642 1 16 0 0 0 0 0 0 0 0 2 1 0 1 0 3 0 0
184 AAA 144114 17 88 15 2 0 1 0 6 0 0 0 1 0 0 0 1 0 0 0 0 0 0 0 1 0 0 0 0 0 1 0 13 0 0 0 0 0 0 0 0 0 0 0 0 0 0 0 0 0 0 0 0 1 0 0 0 0 0 0 2 0 0 0
185 GGA 0 2 0 2 0 0 1 1 11 0 0 0 1 0 0 0 3 2 0 0 0 0 0 0 5 0 0 0 0 1 0 0 13 0 0 0 0 0 0 1 144264 7 34 8 1 0 0 0 0 0 0 0 0 1 0 0 12 0 0 0 2 0 0 0
186 GTT 0 0 0 0 0 0 0 3 20 1 3 1 8 4 0 52 4 0 0 0 0 1 1 0 0 0 1 0 0 0 0 0 0 1 0 0 0 1 0 10 0 4 1 1 4 22 5 143945 0 0 1 0 0 0 0 4 6 1 0 0 1 1 0 4
187 GGG 0 0 0 0 0 0 0 0 0 1 8 0 0 0 0 0 0 0 0 0 0 1 0 0 0 0 0 0 0 0 0 0 0 0 20 0 0 0 1 0 13 5 143026 5 0 4 3 1 0 0 0 0 0 1 0 0 0 1 1 1 0 0 0 0
188 ACA 0 0 0 0 144087 1 16 0 2 0 0 0 5 0 0 0 0 0 13 0 1 0 0 0 0 0 0 1 0 0 0 1 0 0 0 0 17 0 0 1 0 0 0 0 0 0 0 0 0 0 0 0 0 0 2 1 0 0 0 0 0 0 0 0
189 ATG 11 0 4 0 2 0 8 5 0 0 1 0 12 0 144647 7 1 19 0 1 0 0 0 0 0 0 0 0 1 0 6 5 0 0 0 10 0 1 0 0 0 0 0 0 0 0 14 0 8 0 1 0 1 0 0 0 0 11 0 7 0 0 2 0
190 GTG 0 0 0 0 0 1 3 0 0 0 6 0 0 0 12 0 0 0 0 1 0 0 27 0 0 1 0 1 0 0 1 0 0 0 1 0 0 3 4 2 7 0 2 0 21 14 144375 4 0 0 0 0 0 0 0 0 0 0 0 0 0 0 1 0
191 ATG 0 0 0 0 0 0 11 0 0 0 1 0 6 0 144424 7 9 0 0 0 0 0 0 0 0 0 0 0 0 0 0 0 0 0 0 0 0 0 0 1 0 0 0 0 0 0 9 0 1 0 0 0 0 0 0 0 0 1 0 0 0 0 0 1
192 GAG 0 0 15 0 0 0 0 0 0 0 0 0 0 0 0 0 0 3 0 0 1 0 0 0 0 0 1 0 0 0 0 0 24 1 144668 3 0 0 0 0 0 0 21 0 0 0 2 0 0 0 0 0 1 4 0 0 0 0 0 0 0 0 0 1
193 TTG 0 0 2 0 0 0 0 0 0 0 0 1 1 0 0 0 0 0 0 0 1 0 0 0 0 0 0 2 13 6 7 0 0 0 0 0 0 1 0 0 0 0 0 0 0 0 1 0 0 0 0 0 0 1 17 0 0 0 1 7 29 0 144544 2
194 ATA 7 0 0 0 9 0 0 0 0 0 0 0 144474 2 11 8 0 0 0 0 0 4 0 0 0 0 0 0 0 1 1 2 0 0 0 0 0 0 0 0 0 0 0 0 7 1 80 0 0 0 0 0 0 0 0 0 0 0 0 0 0 0 0 0
195 AGG 0 0 8 0 0 0 2 0 10 0 144481 2 0 0 22 4 0 0 0 0 1 1 0 1 8 22 9 0 0 0 1 17 0 0 0 0 0 0 0 1 18 0 24 0 0 0 0 1 0 0 2 0 0 0 1 0 0 0 2 0 0 0 0 0
196 ATG 0 0 0 0 0 0 7 0 0 0 0 1 11 1 144613 2 0 1 0 0 0 0 0 0 0 0 0 0 0 0 3 0 0 0 0 0 0 0 3 1 0 2 0 0 0 0 13 0 0 0 0 0 0 0 0 0 0 0 0 0 0 0 0 0
197 ATC 0 0 0 0 0 4 0 2 0 0 0 4 17 144559 0 5 2 0 0 1 1 0 0 0 0 0 7 0 0 0 0 0 0 1 0 0 0 0 0 0 0 1 0 0 0 20 0 0 0 0 0 0 0 0 0 2 0 1 0 0 0 2 0 0
198 AAA 144744 2 16 0 0 0 0 0 9 0 0 0 0 0 0 0 0 0 0 0 0 0 0 0 0 0 0 1 0 0 0 0 16 0 0 0 0 0 0 0 4 0 0 0 0 0 0 0 0 0 0 0 0 0 0 0 0 0 0 0 0 0 0 1
199 CGT 0 0 0 0 1 0 0 1 0 0 13 1 0 0 0 0 4 2 0 21 0 6 1 0 1 13 7 144636 0 0 0 3 0 0 0 0 0 0 1 0 0 0 0 2 0 0 0 0 0 0 0 0 0 0 0 0 0 0 0 10 0 0 0 0
200 GGG 0 0 0 0 4 1 0 0 0 0 19 0 0 0 0 0 0 0 0 0 0 0 0 0 0 0 0 0 0 0 0 3 0 0 15 0 0 0 0 0 23 4 143477 1 0 0 8 0 0 0 0 0 1 0 0 0 1 0 4 2 0 0 0 0
201 ATC 0 0 0 0 6 11 0 0 0 1 0 1 6 144361 9 12 0 0 0 1 0 0 0 0 0 0 0 2 0 0 0 0 0 2 0 0 1 0 0 0 3 0 1 0 0 36 0 0 0 0 1 0 0 1 0 0 0 0 0 0 0 0 0 0
202 AAT 2 14 1 144614 0 0 0 0 2 0 0 12 0 1 24 0 0 58 0 0 0 1 2 0 0 0 1 1 8 0 0 0 0 2 7 26 11 0 0 0 0 0 0 0 0 0 0 0 0 0 0 3 0 1 1 0 0 0 0 0 2 0 0 0
203 GAT 0 0 0 7 0 0 0 0 0 0 0 0 0 18 0 0 0 0 0 2 0 0 0 0 0 0 0 0 0 0 1 0 1 29 1 144614 0 0 0 0 0 0 0 17 0 0 0 0 9 0 0 4 0 0 1 0 0 0 0 0 0 1 0 0
204 CGG 0 0 4 0 0 0 0 0 2 0 9 0 0 0 0 0 0 0 21 1 0 0 0 0 26 11 144139 21 0 0 2 0 0 0 0 0 0 0 0 0 2 0 2 0 0 0 0 0 0 0 0 0 0 3 0 0 2 3 21 0 0 0 0 0
205 AAC 3 143395 10 40 1 0 0 4 0 2 0 1 0 0 0 0 0 0 0 0 0 2 0 0 0 0 0 0 0 0 0 0 14 12 0 0 0 0 0 0 0 0 0 1 0 1 0 0 2 2 0 0 0 11 1 0 0 3 0 3 0 0 0 4
206 TTC 1 0 0 0 0 0 0 0 0 1 0 0 3 2 0 0 0 0 0 0 0 0 0 0 0 1 0 0 0 6 0 1 0 0 0 0 0 0 0 0 0 0 0 0 0 0 2 0 0 0 0 0 0 7 0 0 0 0 3 0 3 144526 1 2
207 TGG 0 0 0 0 3 0 0 0 0 0 0 0 0 1 0 0 0 0 0 0 0 3 0 0 0 0 19 2 0 0 0 1 0 0 0 0 0 0 0 0 0 0 0 2 0 0 0 13 1 4 9 0 0 0 0 0 8 0 144383 0 0 0 1 0
208 AGA 12 0 0 0 0 0 0 0 144112 4 43 2 1 0 0 1 0 0 0 0 0 1 0 3 0 6 0 1 0 0 0 0 0 0 0 0 0 0 0 0 15 0 0 1 0 0 0 0 0 0 0 0 0 0 0 0 0 0 0 0 0 0 0 0
209 GGT 3 0 0 0 0 0 0 0 0 0 0 19 0 0 0 0 0 0 1 0 1 0 0 0 0 0 0 0 0 1 0 0 0 0 0 6 0 0 0 0 15 4 11 123658 0 0 0 2 1 0 5 0 0 0 0 0 1 0 0 3 0 0 0 0
210 GAA 18 0 0 0 0 0 0 0 0 0 0 0 0 0 1 0 1 1 0 0 1 0 0 0 0 0 0 0 0 0 0 0 134556 0 26 0 0 0 2 2 13 2 0 0 0 0 0 2 4 0 1 0 0 0 0 0 0 0 0 0 0 0 0 0
211 AAT 1 8 0 132968 2 0 1 17 1 0 1 7 3 1 0 19 0 6 19 5 0 1 2 2 0 0 0 1 0 1 2 0 0 0 0 18 2 2 0 1 0 2 6 0 0 0 0 0 0 0 0 0 0 1 0 0 0 0 1 11 0 0 1 10
212 GGA 0 0 0 0 0 0 2 0 18 0 0 0 0 0 0 0 0 0 0 0 0 0 0 0 0 1 0 1 0 0 0 0 6 0 0 2 0 0 1 0 128785 5 33 1 0 0 0 0 0 0 2 0 3 1 1 1 12 2 0 0 0 1 0 0
213 CGA 0 0 0 0 0 0 0 0 5 0 0 0 0 0 0 0 27 0 0 0 0 3 0 0 127023 5 25 2 3 0 0 0 0 0 0 0 0 0 0 0 1 0 0 0 0 0 0 0 2 0 0 0 0 0 0 0 38 0 0 0 0 0 0 0
214 AAA 137485 2 11 0 10 4 0 0 3 0 5 0 2 0 0 0 2 1 0 3 0 0 0 0 0 2 0 9 0 1 0 0 16 0 0 0 0 1 0 0 0 1 9 1 0 0 0 0 0 0 0 0 0 1 0 0 0 0 0 1 4 0 1 1
215 ACA 2 0 0 1 140627 11 35 4 0 6 0 2 5 0 0 0 0 0 0 0 44 0 0 0 0 1 0 0 0 0 0 0 0 0 0 0 5 0 1 0 0 0 4 0 0 0 3 0 1 0 1 0 1 1 0 1 0 0 0 1 0 0 0 0
216 AGG 0 0 17 0 0 0 0 1 8 0 137149 5 0 0 10 0 0 3 0 0 0 0 1 0 1 0 5 0 0 0 0 0 0 0 0 0 0 0 0 0 0 0 23 0 0 10 0 0 1 0 0 0 0 0 0 0 0 0 2 0 0 0 0 0
217 AGT 19 25 0 37 0 0 2 2 2 21 10 132863 0 12 0 0 7 0 0 0 0 3 0 0 1 1 1 3 2 0 20 8 0 0 0 0 3 0 0 0 0 0 0 10 23 0 3 2 0 0 0 0 23 0 0 2 1 0 0 5 0 0 1 0
218 GCT 0 0 0 0 0 0 0 44 0 0 0 0 0 0 0 0 0 0 0 0 0 0 0 0 0 0 0 0 2 0 0 1 0 0 0 0 3 1 2 136046 0 0 0 1 0 0 0 4 0 2 0 0 0 0 0 2 0 0 0 0 0 0 0 0
219 TAC 0 0 0 0 0 0 0 0 0 0 0 0 0 0 0 0 0 14 0 0 0 0 0 0 0 0 0 0 0 0 0 2 0 1 0 0 0 0 0 0 0 0 0 0 0 0 0 0 3 138866 0 21 0 0 0 0 0 7 0 0 0 1 0 0
220 GAG 0 0 4 0 0 0 12 0 0 0 0 0 0 0 0 0 0 0 0 0 12 0 0 0 0 0 0 0 0 2 0 0 9 0 131645 3 0 0 0 0 0 0 16 0 0 0 2 0 6 0 5 0 0 0 0 0 0 0 0 0 0 0 0 0
221 AGA 8 1 0 0 1 0 0 0 137257 0 22 1 0 0 0 0 0 0 0 0 0 0 0 0 0 0 12 14 0 0 0 0 0 2 0 0 0 0 0 0 11 1 0 0 0 0 0 0 0 0 0 0 0 0 0 0 4 0 0 0 0 0 0 0
222 ATG 0 0 3 8 0 0 6 0 0 0 0 0 11 1 134741 1 0 0 0 0 0 0 0 0 0 0 0 0 0 0 0 0 0 0 0 0 1 0 2 0 2 0 3 0 0 0 3 0 0 0 0 2 12 2 0 0 0 0 0 0 0 3 0 0
223 TGC 0 0 0 0 0 0 0 0 0 3 0 0 0 0 0 0 0 0 0 0 0 0 0 0 0 2 0 0 0 0 0 0 0 0 0 0 0 0 0 0 0 3 0 0 0 0 0 0 0 23 0 0 0 0 0 0 1 123572 1 32 0 0 0 0
224 AAC 3 130890 0 7 0 0 0 0 0 9 0 0 0 0 0 0 0 0 0 0 0 0 0 0 0 0 0 0 0 0 0 0 0 11 0 0 0 0 0 0 0 0 0 0 0 0 0 0 0 1 0 0 0 0 0 0 1 0 0 0 0 0 0 0
225 ATT 0 0 0 1 0 0 0 6 0 0 0 1 0 18 0 143864 0 0 0 0 0 0 0 0 0 0 0 0 0 0 0 2 0 0 0 0 0 0 0 0 0 0 0 0 0 20 11 11 0 0 0 0 0 0 0 0 0 0 0 0 0 0 0 0
226 CTC 0 0 0 0 0 0 0 0 0 0 0 0 0 3 0 0 0 0 0 0 0 9 0 0 0 0 0 0 0 144615 0 0 0 0 0 0 0 0 0 0 0 0 0 0 0 1 0 0 0 0 0 0 0 0 0 0 0 0 0 0 0 5 0 0
227 AAA 144933 0 24 1 0 0 0 0 7 0 0 0 0 0 0 0 1 0 0 0 0 0 0 0 0 0 0 0 0 0 0 0 12 0 0 0 0 0 0 0 0 0 0 0 0 0 0 0 0 0 0 0 0 0 0 0 0 0 0 1 0 0 0 0
228 GGA 0 1 0 0 0 0 0 0 13 0 0 0 0 0 0 1 0 0 1 0 0 0 0 0 0 0 0 0 4 0 0 0 15 0 0 0 1 0 0 0 144248 0 21 0 1 0 0 0 0 0 0 0 0 1 0 0 4 0 0 0 0 0 0 0
229 AAA 144827 2 11 5 5 0 0 0 3 0 1 0 0 0 0 0 1 0 0 0 0 0 0 0 0 0 0 0 0 0 0 0 4 0 0 0 0 0 1 0 0 0 0 0 0 1 2 0 2 0 1 0 0 1 0 0 0 0 0 0 1 0 0 0
230 TTT 0 2 0 0 0 0 0 0 0 0 0 0 0 0 0 0 0 0 0 1 0 0 0 1 0 0 1 0 0 0 0 8 0 0 0 0 0 0 0 0 0 0 0 0 0 0 0 1 0 0 2 0 0 0 0 4 1 0 0 2 4 10 0 144276
231 CAA 2 1 0 0 0 1 0 0 0 0 0 0 0 0 9 0 144694 3 9 0 3 0 1 0 39 1 0 2 1 1 0 0 0 0 0 0 0 0 0 0 0 0 2 0 0 1 0 0 5 0 0 0 0 1 0 0 0 0 0 0 14 0 0 0
232 ACA 1 0 0 0 144457 32 14 4 1 0 0 0 13 0 0 0 0 2 3 0 4 0 1 0 0 0 0 0 0 3 0 0 0 0 0 0 5 1 0 1 0 0 0 0 1 0 0 0 1 3 0 0 2 0 0 0 0 0 0 0 0 0 0 0
233 GCT 0 0 0 0 0 0 2 25 0 0 0 0 0 2 0 0 0 0 0 0 0 4 0 0 0 0 17 0 2 0 0 0 0 0 0 3 3 19 2 144526 1 0 0 0 2 0 0 10 0 0 6 0 1 0 0 4 0 0 0 5 0 0 0 0
234 GCA 0 0 0 0 40 0 0 0 0 0 0 1 0 0 0 0 0 0 0 0 16 8 1 58 0 0 0 0 0 0 0 0 1 0 0 0 144559 0 14 1 2 1 0 0 9 0 1 0 2 1 0 0 5 1 2 0 3 0 0 2 0 0 0 0
235 CAA 4 0 0 0 0 0 0 0 0 1 0 0 0 0 1 0 144841 1 14 4 3 0 0 0 7 3 0 0 0 0 0 0 3 1 0 0 0 3 0 0 2 1 7 0 0 1 0 2 7 0 0 0 0 0 0 0 1 0 0 0 1 0 0 0
236 AGG 0 0 25 0 1 0 0 0 12 0 144563 3 0 0 5 0 1 0 0 0 2 0 1 0 4 3 5 0 0 0 0 0 0 0 0 0 0 0 0 0 2 0 37 0 0 0 0 0 0 0 0 1 0 0 0 0 0 0 1 0 0 0 0 0
237 GCA 0 0 0 0 12 0 1 1 4 3 0 0 0 0 1 4 0 0 0 0 2 2 0 0 0 1 0 0 0 0 0 0 6 0 0 1 144575 1 11 6 8 1 2 0 34 0 0 0 1 1 0 0 4 1 0 2 0 0 0 1 0 0 0 0
238 ATG 2 0 1 0 0 1 9 2 1 0 1 0 7 2 144770 1 3 1 3 0 0 2 0 0 0 0 19 0 0 5 1 0 0 0 0 0 0 0 0 0 0 1 3 3 1 0 5 0 2 0 1 0 0 0 0 2 0 0 0 0 0 0 3 0
239 ATG 0 0 0 2 0 7 10 0 0 0 5 0 26 0 144790 2 1 0 1 0 0 0 1 0 0 0 0 0 0 2 0 0 0 0 0 0 0 0 1 0 0 1 0 0 0 54 32 0 0 1 28 0 0 0 0 0 0 0 0 3 0 0 0 0
240 GAT 1 0 0 11 0 0 0 0 0 3 0 0 0 0 0 0 0 0 0 1 0 0 0 0 0 0 0 0 0 0 0 0 3 20 0 144980 0 0 2 0 0 1 0 17 1 0 0 1 0 0 0 1 0 0 0 0 1 0 1 0 0 2 0 0
241 CAA 3 0 0 0 0 0 0 1 0 0 0 9 0 0 0 0 144779 3 31 1 1 1 0 0 31 0 0 0 0 0 1 0 1 0 0 0 0 1 2 12 0 0 0 1 0 2 0 0 2 0 0 0 1 0 0 0 0 0 0 0 0 0 0 0
242 GTG 0 0 2 0 0 0 1 0 0 0 0 0 1 0 35 0 0 1 0 2 13 1 0 0 2 8 0 0 0 0 5 0 0 0 0 0 0 1 4 1 0 0 2 5 23 1 144495 47 0 0 0 0 0 2 0 0 0 0 0 3 0 0 3 1
243 AGA 18 0 4 0 1 4 0 0 144507 6 63 5 6 0 0 0 0 0 0 0 3 0 0 0 4 14 0 8 0 0 0 0 0 0 1 0 1 0 0 22 14 0 0 0 2 2 0 0 0 1 0 1 0 0 1 0 3 0 0 0 10 0 0 0
244 GAA 36 0 3 0 0 2 0 0 0 0 0 0 1 0 0 0 1 0 0 0 0 2 0 0 0 0 0 0 0 0 0 0 144631 2 51 0 0 12 0 0 5 2 1 0 5 0 0 1 4 0 0 0 0 0 0 0 4 0 0 0 2 0 0 0
245 AGT 0 1 0 11 0 0 2 3 0 9 1 143549 0 0 0 1 0 0 0 0 1 9 15 2 0 0 0 0 2 0 0 0 0 0 2 0 0 0 0 0 4 0 2 28 0 0 2 0 0 0 1 0 0 0 0 0 0 0 1 8 0 0 0 0
246 CGG 0 0 0 1 0 0 0 0 0 0 8 0 0 0 0 0 1 0 23 7 0 1 0 0 24 20 144740 38 0 0 5 0 0 0 0 0 4 0 0 0 0 0 0 0 1 0 0 1 0 0 0 0 0 0 0 0 0 2 27 0 0 0 0 0
247 AAC 11 144464 3 52 0 3 0 0 0 26 1 2 1 0 0 0 0 0 0 0 0 0 0 0 4 10 0 6 0 0 0 1 0 10 0 0 0 6 0 0 0 1 1 3 0 0 4 0 0 10 0 0 0 0 0 2 0 0 5 1 0 0 0 8
248 CCA 0 0 0 0 1 1 0 0 2 0 0 0 0 0 0 0 3 0 0 0 144650 9 99 4 0 1 3 0 5 0 2 0 1 0 0 0 0 0 0 1 0 0 0 2 0 0 0 0 0 0 1 0 4 0 2 0 0 0 0 0 1 0 0 0
249 GGA 0 0 0 0 0 0 0 0 4 0 0 0 0 0 0 0 0 0 0 0 0 0 0 1 0 0 0 0 0 0 1 0 6 5 0 0 0 0 0 0 144738 1 15 42 1 0 1 0 0 0 0 0 0 0 0 0 17 0 1 0 0 0 0 0
250 AAT 16 19 1 144881 0 0 2 3 0 2 0 10 0 0 0 0 0 0 4 2 0 0 0 0 0 0 0 0 0 0 0 0 0 1 0 2 1 0 0 0 0 0 0 0 0 0 2 0 13 0 0 0 2 0 0 0 3 2 2 0 0 0 0 0
251 GCT 0 0 0 0 0 0 0 23 0 0 0 0 0 0 1 0 0 0 0 0 0 0 0 2 0 0 0 0 0 0 0 0 0 0 1 2 2 33 1 166063 0 0 0 2 0 0 2 21 1 0 0 0 0 1 0 9 0 0 1 0 0 0 0 0
252 GAG 0 0 10 0 0 1 0 0 0 0 0 0 0 0 0 0 0 0 0 0 5 0 0 0 0 0 0 1 0 1 0 0 45 0 165721 1 0 0 0 0 0 0 21 0 0 0 4 0 0 0 0 0 0 0 0 0 0 0 0 0 0 0 0 0
253 ATC 0 1 0 0 0 13 0 0 0 1 1 0 4 165848 11 49 0 0 0 0 0 0 0 0 0 0 0 0 0 0 0 0 0 0 0 0 0 0 0 0 0 0 0 0 0 13 2 0 0 1 0 0 0 0 0 0 0 0 0 0 0 0 0 1
254 GAA 30 0 0 0 0 0 0 0 0 0 0 0 0 0 0 0 0 0 0 0 0 0 0 0 0 0 0 0 0 0 0 0 165901 3 8 1 0 0 0 0 12 0 0 0 0 0 0 0 1 0 0 0 0 0 0 0 3 0 0 0 0 0 0 0
255 GAT 1 0 0 9 0 0 0 0 0 0 0 0 0 0 0 0 0 0 0 0 0 6 0 0 0 0 0 0 0 0 0 0 1 14 0 166329 0 0 0 0 0 0 0 10 0 0 0 0 0 0 0 2 0 0 0 0 0 0 1 0 0 0 0 0
256 CTC 0 0 0 0 0 0 0 0 1 0 3 0 0 4 1 0 0 1 0 0 0 23 0 0 0 1 0 1 7 165611 0 30 1 0 0 0 0 0 0 0 0 0 0 0 1 0 0 0 0 0 0 0 0 2 0 0 0 0 0 0 12 11 0 1
257 ATC 0 0 0 0 0 3 0 0 0 7 0 0 1 165969 1 17 0 2 0 0 2 0 0 0 0 0 0 0 6 9 1 1 0 0 0 0 0 0 0 0 0 0 0 0 0 5 0 2 0 0 0 0 0 0 0 0 0 0 0 0 0 1 8 0
258 TTT 0 0 0 0 0 0 0 0 0 0 0 0 0 0 0 0 0 1 0 0 0 1 0 0 0 0 0 2 0 0 0 4 0 0 2 0 0 0 0 0 0 0 0 0 0 0 0 1 0 2 0 0 0 0 0 16 0 0 0 0 0 7 0 165906
259 CTG 1 1 4 1 0 23 0 0 0 0 10 2 0 1 7 0 0 0 0 0 7 0 5 0 0 0 1 1 21 9 166059 7 1 0 0 0 0 0 0 0 1 1 1 3 0 1 2 0 9 0 0 0 0 0 0 0 0 0 0 0 0 0 14 0
260 GCA 0 0 0 0 33 0 1 0 0 0 0 0 0 0 4 0 0 0 0 0 0 1 0 0 0 0 0 0 0 0 0 0 0 0 0 0 165657 3 14 20 2 0 1 0 33 0 1 0 0 1 0 0 4 1 0 0 0 0 0 0 0 0 0 0
261 CGG 0 0 0 0 0 2 0 0 0 0 0 0 0 0 0 0 0 0 24 0 0 0 0 2 17 82 164966 3 0 0 9 0 0 0 0 0 0 0 0 0 0 0 2 0 0 0 0 0 0 0 0 0 0 0 0 0 0 0 47 0 0 0 0 0
262 TCT 0 0 0 0 0 0 2 0 0 3 0 0 0 0 0 0 0 0 0 0 1 1 0 10 0 0 0 0 0 0 1 0 0 0 0 0 0 0 1 0 0 0 2 0 4 0 0 0 1 0 3 4 11 58 5 165640 0 0 0 0 0 0 1 6
263 GCA 0 0 2 0 60 0 0 0 0 0 0 2 0 0 0 0 0 0 0 0 0 0 2 0 0 0 0 0 0 0 1 0 1 0 0 0 165836 5 11 1 3 0 4 0 48 0 1 0 0 0 3 0 2 1 0 0 3 0 2 0 0 0 0 8
264 CTC 0 0 0 0 0 0 0 0 0 0 1 0 0 7 6 0 0 1 0 0 0 17 1 0 1 2 0 0 30 166107 3 8 0 0 0 0 0 0 0 0 0 0 3 0 0 1 0 0 0 0 0 0 0 0 0 0 0 0 0 1 0 17 3 1
265 ATA 1 0 0 0 25 0 0 2 2 4 0 0 166245 4 23 47 0 0 0 0 0 0 0 1 2 0 0 0 4 2 1 4 21 0 1 0 0 0 2 3 0 0 1 4 21 11 0 16 0 0 3 0 0 0 0 0 0 1 0 0 0 0 0 0
266 TTG 1 0 0 0 0 0 1 0 0 0 0 0 0 0 2 2 0 0 0 0 0 0 0 0 2 3 0 0 0 0 31 1 0 2 0 0 0 2 1 0 0 4 0 0 5 0 5 2 0 0 0 2 0 0 20 0 0 0 0 0 24 1 166105 6
267 AGA 136 0 139 0 2 2 0 0 165663 1 64 1 4 0 0 0 0 0 0 0 1 4 0 0 8 8 0 3 0 0 0 0 0 0 0 0 0 0 1 0 19 0 0 1 0 2 0 0 0 0 1 0 0 0 0 0 2 1 0 0 0 0 0 2
268 GGG 0 0 0 0 0 0 0 0 0 1 8 0 0 0 0 0 0 0 0 0 0 113 4 0 0 0 0 0 0 0 0 0 0 0 30 0 0 0 5 4 40 2 165537 6 0 0 2 0 0 0 0 0 42 36 4 1 0 0 3 0 0 0 0 0
269 TCA 2 0 0 0 1 0 4 0 0 0 0 1 0 0 0 0 1 0 0 0 14 0 0 5 1 0 0 0 0 0 0 0 1 0 0 0 1 0 0 5 0 0 0 3 0 0 0 0 5 0 0 0 165858 5 56 12 3 1 0 4 4 0 0 0
270 GTT 0 0 0 0 0 0 0 2 0 1 0 0 0 1 3 15 0 0 0 0 1 0 0 5 0 0 1 0 0 0 0 0 0 0 1 2 0 0 1 7 0 1 2 0 2 11 0 166062 0 0 0 0 0 0 2 0 0 2 2 0 0 0 30 0
271 GCT 0 0 0 0 0 0 0 46 0 0 1 0 0 0 0 0 0 1 0 0 0 1 0 0 0 0 0 5 0 0 0 1 0 0 0 7 3 40 2 165632 4 1 1 2 1 0 0 29 0 0 0 1 12 13 0 4 0 0 1 46 0 0 0 0
272 CAC 0 4 1 0 1 0 0 0 2 2 0 4 0 0 0 0 2 165958 0 29 87 4 6 0 0 9 0 0 3 6 0 0 0 0 0 0 1 15 0 0 0 0 2 2 0 0 1 0 0 4 0 1 1 1 0 0 5 1 2 1 0 3 17 0
273 AAA 165724 1 38 0 1 0 0 0 4 0 0 3 8 0 0 0 0 0 8 1 1 0 0 0 0 21 4 0 0 0 0 0 18 1 0 5 56 1 1 0 0 0 0 0 0 4 1 0 7 0 14 0 1 0 0 0 2 0 2 0 0 0 0 0
274 TCT 0 5 0 0 0 10 0 21 0 4 0 9 0 0 0 0 1 5 0 0 6 1 0 9 0 0 0 0 0 0 0 0 0 4 0 0 0 0 1 2 1 1 0 75 19 0 0 0 0 0 0 6 155 23 3 166195 0 2 0 1 3 0 0 4
275 TGT 0 2 0 0 0 0 0 0 0 0 0 2 0 2 7 0 0 5 0 0 0 6 0 0 0 2 1 30 1 0 0 0 9 0 0 0 1 6 15 1 2 0 1 1 0 0 0 0 1 0 3 1 1 0 1 0 5 9 4 166319 0 0 0 3
276 CTG 0 0 0 0 0 0 1 0 1 0 1 0 0 4 3 0 0 1 0 0 0 0 9 0 0 0 0 0 125 2 166064 5 0 0 0 0 0 0 0 0 1 0 0 0 0 0 0 0 6 0 2 0 0 0 2 5 0 0 0 0 6 0 26 0
277 CCC 0 1 0 0 10 5 3 0 0 0 0 0 2 0 0 0 0 0 0 0 30 165810 7 54 0 2 0 0 0 11 0 0 0 0 0 0 0 5 0 0 0 1 1 1 0 0 0 4 0 0 0 0 0 61 0 0 1 0 0 1 0 0 1 0
278 GCC 0 4 0 0 0 40 0 0 0 0 0 0 0 0 1 0 0 0 0 0 0 0 0 0 9 0 1 0 0 0 3 0 1 0 0 0 27 164153 1 30 0 0 0 0 0 6 0 0 4 0 0 0 0 2 0 0 0 0 0 0 7 0 0 2
279 TGT 0 0 0 0 0 0 0 0 0 0 0 12 0 0 2 1 1 0 0 2 0 0 0 2 0 0 3 92 0 0 0 0 1 1 0 0 0 0 4 0 0 0 2 12 1 3 0 0 0 0 0 20 0 0 1 0 1 26 1 166080 0 0 0 3
280 GTG 2 0 0 0 0 0 0 0 4 0 1 0 3 48 19 25 0 0 0 0 0 0 0 1 0 0 2 0 0 0 1 2 0 0 2 0 0 0 12 0 0 0 2 0 38 3 166205 1 1 0 1 0 0 0 0 0 0 0 0 4 0 0 5 1
281 TAT 0 0 0 1 0 0 0 0 0 0 0 0 0 0 0 3 2 0 0 28 0 0 0 0 0 0 0 0 0 0 0 0 0 1 0 0 0 0 0 0 0 0 0 0 0 0 2 0 9 20 1 166327 1 0 0 4 1 0 0 10 0 0 0 1
282 GGA 0 0 0 0 0 0 0 0 10 0 0 0 0 2 0 0 0 2 0 0 0 2 0 0 0 0 3 1 0 0 2 0 11 0 0 0 1 0 13 5 165817 40 110 17 5 0 3 0 0 0 0 0 0 0 0 0 2 1 1 0 0 3 0 0
283 CCT 236 24 90 3 1 285 687 75 1 19 0 23 2 0 150 8 29 50 1686 99 12 93 17 157682 71 28 98 0 33 197 2 69 2 0 0 8 95 29 1082 778 18 311 117 128 20 53 98 6 0 33 3 0 54 7 136 131 3 457 17 418 0 63 9 41
284 GCC 0 0 0 0 0 51 0 0 0 0 0 1 0 0 0 0 0 0 0 0 0 1 0 0 0 0 1 0 0 0 0 0 0 1 0 0 8 166268 2 28 0 1 0 0 0 28 0 0 0 0 1 0 2 2 0 0 0 0 0 0 0 0 0 0
285 GTA 0 1 0 0 0 0 0 0 0 0 0 0 45 0 0 0 0 0 0 0 0 1 0 0 0 0 0 0 2 0 0 0 0 0 0 0 10 0 0 0 0 0 0 0 164893 0 21 1 0 0 0 0 0 5 0 0 0 3 0 0 2 0 0 0
286 GCC 1 1 0 0 0 20 0 0 1 0 0 0 0 0 0 0 0 2 0 0 1 3 0 0 0 0 0 0 0 0 0 0 0 4 0 0 9 166173 0 5 0 48 0 0 0 13 0 0 0 0 0 0 0 1 0 0 3 0 0 1 0 0 0 0
287 AGT 0 0 0 53 0 0 0 0 0 5 0 166348 0 0 0 1 1 0 0 0 0 0 0 0 0 0 0 25 0 0 0 0 0 0 0 0 0 0 0 0 0 0 1 17 0 0 0 0 0 0 0 0 0 0 0 1 0 0 0 1 0 0 0 0
288 GGC 0 0 0 0 0 0 0 0 0 5 0 0 0 0 0 0 0 0 0 0 6 0 0 0 0 2 0 0 0 0 0 0 0 17 0 0 0 1 0 0 6 166296 11 9 0 1 0 3 0 0 0 0 0 0 0 0 0 1 0 0 0 0 1 0
289 TAC 17 3 0 0 12 0 2 0 0 0 0 2 0 132 0 0 0 228 0 0 0 0 0 0 436 2 10 0 0 2 0 0 0 0 1 0 0 0 0 0 0 0 0 0 0 0 5 0 3 165298 2 89 8 4 0 0 0 14 0 0 0 1 0 0
290 GAC 0 15 0 0 0 0 0 0 0 2 0 13 0 0 0 0 0 1 0 0 4 0 1 0 0 8 3 0 0 0 0 0 5 166054 2 8 0 0 0 2 0 18 4 0 0 1 0 0 0 5 0 0 0 0 0 0 0 0 0 0 0 0 0 0
291 TTC 0 0 0 0 0 0 0 0 0 0 0 0 1 1 0 0 0 0 0 0 0 0 0 1 0 0 0 0 0 9 0 0 0 0 0 0 0 0 0 0 0 0 0 2 0 0 0 0 0 7 0 2 1 25 7 0 2 2 0 0 4 165915 0 33
292 GAA 27 0 0 0 0 1 0 0 0 0 15 1 30 0 0 0 2 7 0 0 0 1 0 0 0 1 28 0 0 0 0 0 165694 0 20 6 0 0 19 0 25 4 0 0 30 47 0 0 0 4 0 0 2 14 1 0 0 0 0 0 0 0 0 0
293 AAA 165334 3 83 0 4 0 0 0 13 0 0 0 3 0 0 0 0 0 1 0 0 0 0 0 0 0 0 0 0 0 0 0 6 0 0 0 0 0 0 1 0 0 0 2 0 7 0 0 0 0 0 0 0 0 0 0 0 0 10 0 0 0 1 0
294 GAG 0 73 15 0 135 2 0 6 0 6 53 0 0 0 0 11 0 73 0 0 0 0 0 0 0 0 11 0 0 0 0 0 48 0 164436 7 1 0 30 0 0 0 44 4 0 0 1 0 0 0 2 0 0 142 55 41 0 1 0 4 50 7 0 2
295 GGA 0 0 0 0 0 0 0 0 9 0 0 0 1 0 0 0 0 0 0 0 0 0 0 0 0 0 0 0 0 0 0 0 12 0 0 0 0 0 0 0 142262 0 24 16 0 0 0 0 0 0 0 0 1 0 0 0 1 0 0 0 0 0 0 0
296 TAC 0 0 0 0 0 0 0 0 0 0 0 0 0 0 1 0 0 5 0 0 0 0 0 0 0 2 0 0 0 0 0 0 0 0 0 0 0 4 0 0 0 0 0 2 0 0 0 0 2 152168 2 9 0 0 0 0 3 22 0 0 0 1 0 0
297 TCT 0 0 0 4 0 0 0 3 0 0 0 0 1 0 0 1 0 0 0 0 0 0 0 4 0 2 0 0 0 0 0 0 0 0 0 0 0 0 0 0 0 0 0 0 1 0 0 0 0 0 0 1 0 12 4 147477 1 0 0 0 0 0 0 0
298 TTA 3 0 1 0 0 2 0 0 1 1 2 0 0 0 1 0 1 0 0 0 3 0 0 0 0 0 0 0 10 0 1 16 0 0 0 0 0 0 0 0 0 0 0 0 0 0 0 0 1 0 3 0 9 0 0 0 7 0 0 0 154711 0 20 0
299 GTG 0 0 0 0 0 0 3 0 0 0 0 0 0 0 16 0 0 0 0 0 0 0 0 2 0 0 0 0 0 0 0 0 0 0 2 0 0 0 12 0 0 0 2 0 15 23 156974 7 3 0 0 0 0 2 0 0 0 0 0 0 0 0 33 0
300 GGA 0 2 0 0 0 1 0 0 10 0 0 0 0 0 0 0 0 0 0 0 0 0 0 0 1 0 0 0 0 0 0 0 6 0 0 0 0 0 0 0 157291 5 43 41 3 0 0 1 0 0 0 0 1 0 0 0 4 0 0 0 0 0 0 0
301 ATA 3 0 5 0 7 1 0 0 6 0 1 0 160682 1 57 17 0 4 0 0 0 0 0 0 24 0 3 0 7 3 1 0 0 0 0 1 0 0 0 0 0 0 0 0 3 0 0 0 0 0 0 15 0 3 0 0 0 0 1 1 2 0 0 0
302 GAC 0 10 0 0 1 0 0 0 0 3 0 0 0 0 0 0 0 8 0 0 0 0 1 0 0 0 0 2 0 0 0 0 3 154568 8 11 5 0 0 4 0 13 0 0 0 0 0 1 0 0 0 0 0 3 0 0 0 0 2 0 0 0 0 0
303 CCT 0 0 1 0 0 0 0 0 0 0 0 0 0 0 0 0 0 0 0 8 7 50 11 158510 0 0 0 0 0 0 0 6 0 0 0 1 3 0 0 0 0 0 0 2 0 0 0 1 0 0 0 0 0 0 0 2 10 0 0 0 0 0 0 0
304 TTC 1 0 0 0 0 0 0 0 0 0 0 0 31 5 6 0 0 0 0 0 0 0 3 0 0 3 0 0 0 9 3 0 0 6 0 0 0 0 0 1 1 0 1 0 11 13 24 2 1 0 3 3 1 9 0 0 0 0 4 2 9 157399 0 19
305 AAA 157789 0 23 0 1 0 0 0 15 0 1 0 0 0 1 0 0 0 0 0 0 0 0 6 0 9 0 1 1 2 2 4 13 0 0 3 1 0 0 0 0 1 0 0 0 0 0 17 2 0 1 0 1 0 0 0 1 2 0 0 0 0 0 0
306 CTG 0 0 0 0 0 0 0 0 0 0 2 0 0 0 15 0 0 10 1 1 0 0 11 0 0 5 4 2 61 2 153761 2 0 0 0 0 0 0 0 0 1 0 0 0 0 0 0 0 0 0 2 0 0 0 0 0 0 0 0 1 0 0 30 1
307 CTT 0 0 0 0 0 0 0 1 0 0 5 0 0 0 0 4 1 0 2 0 1 0 0 24 0 2 2 5 5 26 7 160074 0 0 0 1 0 0 0 0 0 0 1 0 0 0 0 0 0 0 0 0 1 0 0 0 0 0 0 1 0 0 0 9
308 CAA 3 0 0 7 0 1 0 0 0 0 3 1 0 2 0 0 165661 1 12 10 1 0 4 2 14 2 0 0 0 0 0 1 1 0 0 2 0 2 8 0 0 0 0 0 0 1 0 0 7 0 5 0 0 0 0 1 0 1 1 12 0 0 0 1
309 AAC 6 165595 37 35 0 41 0 0 2 24 27 0 1 2 0 1 0 2 0 0 0 0 0 0 2 2 40 7 0 0 10 0 2 11 0 0 0 1 7 3 2 1 49 4 0 1 1 1 0 0 0 0 0 18 1 0 0 0 3 1 1 0 12 0
310 AGC 0 30 0 0 0 0 0 35 1 165519 6 32 1 3 0 0 0 0 0 0 0 0 0 0 1 1 0 0 0 2 0 0 0 0 0 2 33 27 40 324 0 10 9 1 0 0 0 0 0 8 0 0 2 2 0 0 0 49 1 1 0 0 0 0
311 CAA 0 12 0 4 3 0 0 0 719 0 4 0 0 0 0 0 164146 0 14 1 0 0 0 0 209 199 558 25 1 0 0 0 0 0 0 0 1 0 5 0 0 0 3 1 0 0 3 11 8 2 0 0 7 0 10 12 1 2 0 0 0 0 0 0
312 GTA 0 3 0 0 0 1 0 2 0 0 0 0 17 2 4 1 0 1 0 0 0 0 0 0 0 0 0 4 0 4 1 0 0 0 0 0 21 0 0 0 2 0 0 0 166250 1 21 0 0 0 0 0 0 1 0 0 0 1 0 3 1 0 0 0
313 TAC 0 0 0 0 1 0 0 0 0 0 3 0 0 1 0 0 1 5 0 3 0 2 0 0 0 0 0 0 0 0 0 0 0 0 0 3 0 0 0 0 0 0 0 1 0 2 0 0 6 166063 8 166 0 1 1 0 1 21 1 0 0 0 0 0
314 AGC 0 17 0 1 0 0 2 0 3 165857 1 13 0 3 1 0 0 0 2 0 0 2 0 0 0 3 1 2 0 0 1 0 1 0 0 1 2 0 1 1 0 21 2 0 0 0 1 0 0 0 0 0 7 6 0 2 0 100 2 19 0 0 0 0
315 CTA 0 0 0 0 0 0 0 0 0 0 0 0 4 0 0 0 1 0 1 0 31 0 0 0 1 0 0 2 166140 25 66 4 0 1 0 1 0 0 2 0 0 0 0 3 1 3 1 0 2 0 0 0 0 3 0 0 0 0 0 0 27 0 16 1
316 ATC 2 1 0 0 0 7 0 0 0 1 2 11 1 165440 2 10 0 11 0 0 1 0 0 0 0 0 0 0 0 1 3 0 0 0 41 0 0 0 2 0 1 4 0 0 0 8 1 0 0 0 0 0 0 0 0 0 2 0 0 2 0 1 0 0
317 AGA 7 0 0 0 0 0 0 0 166386 1 27 0 0 0 0 0 0 0 0 1 0 0 0 0 2 8 17 1 0 0 0 0 0 0 0 0 0 0 0 1 50 0 2 1 0 0 0 0 0 0 0 2 0 0 0 0 1 0 0 0 0 0 1 0
318 CCG 0 1 3 0 0 0 4 0 0 1 5 0 0 0 0 0 2 1 4 0 47 58 164374 22 3 0 1 0 0 0 8 0 0 0 0 0 6 0 10 0 0 0 2 2 0 1 10 0 1 0 0 1 0 0 6 0 0 0 0 0 0 0 1 0
319 AAC 5 165321 6 80 1 7 2 6 0 13 21 2 0 165 2 0 0 3 5 1 0 0 0 0 0 0 52 4 0 4 0 0 0 13 3 2 5 0 3 0 25 109 312 177 0 0 0 0 0 0 0 0 1 0 0 4 1 1 0 0 0 2 2 0
320 GAG 0 0 6 1 0 0 0 0 0 0 0 0 0 0 3 0 0 0 0 0 0 0 0 0 0 0 0 0 0 0 0 0 38 0 166310 3 1 0 5 0 0 0 10 3 4 0 1 0 0 0 1 0 1 0 0 0 3 0 0 0 0 0 0 0
321 AAT 7 8 3 166353 0 0 0 1 0 0 0 4 0 0 3 0 0 0 0 1 0 0 0 1 0 0 4 1 0 2 0 0 0 0 9 6 0 0 0 0 0 0 0 0 0 0 0 3 0 0 0 0 0 2 0 0 0 0 4 0 0 0 0 2
322 CCA 0 0 1 0 1 0 1 0 11 0 0 1 0 0 0 0 0 1 0 1 166099 84 104 5 1 0 0 0 12 0 2 0 0 0 2 0 0 0 2 0 4 6 0 0 1 0 0 0 0 0 0 0 5 0 0 0 0 0 0 0 0 0 0 0
323 GCA 0 0 0 0 26 0 0 0 1 5 0 1 0 0 6 2 0 1 3 2 2 0 1 0 0 0 11 3 8 0 4 0 2 0 0 0 165898 3 3 1 2 3 4 0 38 0 0 0 1 0 0 0 7 0 3 0 0 9 4 31 1 0 53 9
324 CAC 0 3 0 0 0 0 0 0 0 0 2 1 0 0 0 0 3 166317 2 21 2 1 0 5 0 1 1 0 2 2 0 1 0 0 0 0 0 0 0 0 0 0 1 1 0 0 0 0 0 9 0 0 2 3 0 0 0 0 0 0 0 0 0 2
325 AAG 9 0 166386 0 0 0 1 0 0 0 27 0 0 0 6 0 0 0 1 0 0 0 0 0 0 0 0 0 0 0 0 0 0 0 20 0 0 0 0 0 0 0 0 0 0 0 0 0 0 0 0 0 0 0 0 0 0 0 0 0 0 0 0 0
326 AGT 0 0 0 16 0 0 0 1 1 35 2 166474 0 0 0 1 0 0 0 0 0 0 0 0 0 0 0 0 0 0 0 0 0 0 0 0 0 0 0 0 0 0 0 7 0 0 0 0 0 0 0 0 0 0 0 0 0 0 0 0 0 0 0 0
327 CAG 0 0 1 0 0 0 0 0 0 0 0 0 0 0 0 0 13 0 166192 4 0 0 2 0 0 0 28 0 0 0 0 0 0 0 2 0 0 0 0 0 0 0 0 0 0 53 2 0 2 0 6 0 0 0 0 0 0 0 0 0 0 0 0 0
328 CTG 0 0 0 1 1 0 0 0 0 1 0 0 0 2 5 0 0 1 10 0 0 1 7 0 0 2 3 1 31 4 166234 3 0 1 0 0 0 0 0 0 5 1 0 4 1 1 0 2 0 2 1 0 2 0 0 2 2 3 0 0 6 0 72 0
329 GTG 0 0 0 0 0 0 0 0 0 0 0 0 2 1 13 1 0 0 0 0 0 0 0 0 0 1 1 0 1 0 0 2 0 0 2 0 0 1 10 3 4 0 1 3 28 15 166199 29 0 2 0 2 0 0 0 1 3 2 1 0 1 0 1 0
330 TGG 0 0 0 1 3 0 2 0 0 0 3 0 0 0 1 1 0 0 0 0 1 1 0 0 0 0 8 0 0 0 0 0 0 0 0 0 0 1 1 1 1 0 3 1 0 0 1 3 0 0 29 0 0 1 0 0 9 0 166355 1 0 0 4 0
331 ATG 1 0 5 0 0 1 5 0 0 0 4 0 9 0 166394 4 12 0 0 0 0 2 0 1 0 1 0 0 0 0 2 1 0 0 0 0 2 0 0 1 0 0 0 0 0 0 20 0 1 0 0 13 0 0 0 0 0 0 0 0 7 0 0 0
332 GCA 36 1 1 0 39 4 0 1 0 0 0 0 0 0 0 0 1 0 0 0 9 0 1 0 0 0 0 26 0 0 0 0 6 0 0 0 166303 9 14 8 10 2 0 1 44 0 0 1 1 0 0 0 2 0 6 9 1 0 0 3 0 2 0 1
333 TGC 1 0 0 0 1 2 0 0 0 1 0 2 0 0 9 0 0 1 0 0 0 1 0 0 0 35 0 0 0 0 1 0 0 0 0 0 0 0 0 2 0 4 1 0 0 0 0 1 0 51 0 0 0 1 0 0 5 165957 2 177 0 2 0 2
334 AAT 3 5 2 159661 0 1 1 1 0 0 0 6 0 0 37 8 0 300 3 6230 0 0 0 1 0 0 0 1 4 0 0 4 0 0 0 18 0 0 0 0 0 0 0 0 0 1 0 11 0 18 0 27 1 1 0 0 0 0 0 10 0 37 0 0
335 TCT 0 0 0 0 2 0 9 1 1 0 0 0 0 0 0 0 2 0 11 0 0 4 0 9 0 0 0 0 0 0 1 2 1 0 0 0 0 0 0 2 0 0 1 0 0 0 0 0 1 0 0 2 7 22 1 183664 1 0 1 24 0 0 0 4
336 GCT 0 2 2 1 1 0 0 82 0 1 0 0 0 0 1 0 0 0 2 0 0 0 0 0 2 0 0 0 10 4 4 0 1 4 0 9 0 90 3 183161 1 0 1 5 0 0 0 32 1 2 2 1 3 4 0 7 0 0 0 0 0 0 4 0
337 GCA 0 5 0 0 35 0 0 2 0 0 0 0 1 0 1 0 0 0 0 0 0 2 0 0 0 0 0 0 0 0 0 0 0 0 0 0 182817 0 30 0 0 0 0 0 21 0 3 0 0 0 0 0 2 0 0 1 1 0 0 7 0 0 0 0
338 TTT 0 0 2 0 3 0 0 1 0 0 0 0 0 0 0 1 0 0 0 0 0 0 0 1 0 1 0 1 8 0 0 4 0 0 0 0 0 0 0 0 0 0 2 0 2 0 0 2 0 0 0 2 0 0 0 10 0 0 0 4 0 37 1 183069
339 GAA 3 0 4 0 0 0 0 0 0 0 0 0 0 0 0 0 0 0 0 2 1 0 0 0 0 0 0 0 0 0 0 0 182789 127 100 125 1 1 0 0 34 0 0 2 0 0 0 0 4 0 0 0 0 0 0 0 0 0 0 0 0 0 0 0
340 GAT 0 0 1 25 1 0 0 0 0 0 0 0 0 0 0 0 0 0 0 0 0 0 0 0 0 0 0 0 0 0 0 0 1 6 1 183814 0 0 0 0 0 0 2 7 0 0 0 0 0 0 1 1 0 0 0 0 0 0 0 1 2 0 0 0
341 CTA 0 0 3 0 0 0 0 1 0 0 0 0 5 0 0 0 4 0 0 0 22 0 0 0 2 0 0 0 182862 0 13 1 0 0 0 0 0 0 0 0 0 0 1 1 0 0 2 2 0 0 0 0 0 0 0 0 0 0 0 4 0 0 0 0
342 AGA 8 0 0 0 3 0 0 0 183047 1 25 4 0 1 0 0 0 0 4 0 0 0 0 0 3 0 0 13 0 0 0 0 0 0 0 0 0 2 0 0 6 9 55 0 0 0 0 0 0 0 0 0 0 0 0 1 0 1 0 0 1 0 0 2
343 GTA 0 0 0 0 16 0 0 0 0 0 0 0 19 0 0 0 0 0 0 0 0 0 1 0 0 0 0 0 2 0 0 0 0 0 0 0 12 1 0 0 2 0 0 0 183136 2 18 5 0 0 0 0 0 0 1 0 0 0 0 0 1 0 0 0
344 TTA 0 0 0 0 0 0 0 0 0 0 2 0 0 0 0 3 0 0 0 0 1 0 0 0 0 0 0 0 6 0 0 2 0 0 0 0 2 1 1 0 0 0 1 1 2 0 4 2 0 0 0 0 13 7 0 0 0 0 0 0 183631 0 29 0
345 AGC 1 8 1 4 1 0 0 9 6 182840 1 18 0 3 0 0 2 0 0 0 0 0 0 0 0 0 1 8 0 0 0 2 0 5 1 0 0 1 0 0 1 4 2 1 0 2 0 0 0 0 0 0 16 3 7 0 0 2 2 0 0 0 2 0
346 TTC 0 0 1 0 0 0 0 0 0 0 0 0 0 3 2 0 0 0 0 0 0 0 0 0 0 0 0 0 0 5 1 0 0 0 0 0 0 2 0 0 3 0 1 1 4 1 19 0 0 0 0 0 0 12 0 0 0 1 0 0 3 183145 0 6
347 ATC 0 0 0 1 0 8 0 0 0 0 0 0 2 183130 1 16 0 0 0 0 0 0 0 0 0 28 0 0 0 6 0 14 0 0 0 0 2 0 0 0 0 0 0 0 0 14 4 2 1 0 0 0 0 0 0 0 1 1 0 0 0 0 1 0
348 AGA 11 1 0 1 0 0 0 0 183288 1 131 5 1 0 0 0 0 0 0 0 0 0 0 0 0 0 0 0 2 6 0 0 0 0 0 0 0 0 0 0 34 0 4 0 0 0 2 0 0 0 2 0 0 0 0 0 1 0 0 0 0 0 0 0
349 GGG 0 0 0 0 0 0 0 0 0 0 12 0 0 1 0 0 0 0 0 1 0 1 0 0 0 0 0 0 0 0 0 0 0 13 9 0 0 0 0 0 24 2 183152 4 0 0 5 0 0 0 0 0 0 0 0 0 0 0 7 0 0 0 0 0
350 ACC 0 0 0 0 2 183545 1 15 2 2 4 3 0 19 0 1 32 1 5 0 0 0 2 1 2 2 2 2 0 3 8 1 0 0 0 0 0 33 2 0 1 3 2 0 0 0 1 0 0 0 0 0 15 15 0 30 1 1 0 1 1 1 0 0
351 AAA 183341 7 52 6 0 0 0 0 12 1 0 1 0 0 0 0 0 0 0 0 0 0 0 0 0 0 2 2 0 0 0 4 23 0 0 0 0 0 0 0 0 0 0 0 0 0 0 0 2 0 0 0 0 0 0 0 0 2 1 2 0 0 0 0
352 GTA 0 0 0 0 0 0 0 0 0 0 0 4 20 0 0 1 0 0 0 0 0 0 0 0 0 0 0 0 23 0 0 0 0 0 0 0 21 0 0 0 0 0 0 2 183420 15 33 1 0 0 0 0 0 0 0 0 0 0 0 5 8 0 0 0
353 TCC 1 2 0 0 0 1 0 0 0 0 0 0 0 0 0 644 0 0 0 0 0 127 0 0 0 13 0 0 163 1 6 0 0 0 0 0 0 0 0 0 0 0 0 0 29 0 0 64 0 60 0 0 3 180451 2 3 0 0 32 0 0 1292 69 65
354 CCA 0 0 0 8 1 0 0 0 1 0 0 0 0 0 0 0 1 0 0 0 183174 0 12 15 2 3 1 0 1 0 0 2 0 0 0 0 0 0 0 0 0 0 2 0 0 0 1 5 0 0 0 0 4 0 0 0 0 1 0 1 1 0 0 0
355 AGG 0 0 16 0 0 0 0 0 8 0 183164 0 0 0 14 0 0 0 0 0 0 0 0 0 0 0 2 0 0 0 0 0 0 0 0 0 0 0 0 0 0 0 10 0 0 0 0 0 0 0 0 0 0 0 0 0 0 0 3 0 0 0 0 0
356 GGG 0 0 0 0 0 0 0 0 0 0 9 1 0 0 0 0 0 0 0 0 0 0 0 0 0 0 0 0 0 0 0 0 0 0 13 0 0 0 0 0 84 0 179707 14 0 0 1 0 0 0 0 0 1 0 0 0 0 0 2 0 0 1 2 0
357 AAA 182638 2 15 0 3 0 0 0 6 0 0 0 1 0 0 0 1 0 0 4 0 0 0 0 0 0 0 0 0 0 0 0 46 1 0 0 0 0 0 0 0 0 0 0 0 0 0 0 0 0 0 0 0 0 0 0 0 1 0 19 0 0 0 0
358 CTT 0 0 0 0 0 0 0 0 0 0 0 0 0 0 0 1 0 0 3 1 0 2 0 6 0 0 0 3 8 7 0 183091 0 0 0 0 0 0 0 0 1 0 1 0 1 0 1 1 0 0 0 0 0 0 0 0 0 0 0 0 0 0 67 9
359 TCC 173 27 1571 15 0 1 1 0 91 0 0 1 0 0 0 0 0 0 0 0 0 18 0 0 989 2 0 0 0 1 4 7 1 4 3 0 7 8 0 0 0 3 0 1 0 2 2 3 0 0 0 0 7 180799 116 13 0 1 0 0 1 9 7 0
360 ACT 0 0 0 1 0 8 0 183854 0 2 0 2 0 0 0 7 0 0 0 0 0 0 0 0 0 0 0 0 0 0 0 0 2 0 0 0 0 0 0 11 3 0 0 0 0 0 1 1 1 0 0 0 0 0 1 0 0 0 0 0 0 0 0 0
361 AGA 13 0 1 0 0 0 0 0 183917 0 21 0 2 0 0 0 0 0 0 0 0 0 0 0 4 0 0 1 0 0 0 0 0 0 0 0 0 0 0 0 3 0 0 0 0 0 0 3 0 0 0 0 0 0 0 0 2 0 0 0 0 0 0 0
362 GGA 0 0 0 0 0 0 0 0 17 0 0 0 0 0 0 0 0 0 0 0 0 0 2 0 0 0 0 0 0 0 0 0 6 3 0 0 0 0 0 7 183215 5 36 0 3 0 0 0 0 0 0 0 0 0 0 0 8 0 0 0 1 0 0 1
363 GTA 0 0 0 0 0 0 0 0 0 0 0 2 29 1 0 1 0 0 0 0 0 0 0 0 0 0 0 0 2 15 0 0 0 0 0 0 19 0 1 0 0 0 0 0 182799 17 46 0 0 0 0 31 0 0 0 0 0 0 0 0 18 0 0 0
364 CAA 0 0 0 1 0 1 2 0 4 0 0 0 0 4 8 13 183549 1 26 2 6 0 0 0 16 0 0 0 1 2 1 0 5 0 0 0 0 0 3 0 0 0 0 0 0 1 0 0 1 0 0 1 0 0 41 0 0 1 0 0 0 0 0 10
365 ATT 0 0 0 1 0 0 0 11 0 1 1 4 1 21 0 183672 0 0 0 0 0 0 0 0 0 0 0 0 0 0 0 2 0 0 13 0 0 0 0 0 0 0 1 0 0 0 2 1 0 0 0 0 0 0 0 0 0 0 9 0 0 0 0 2
366 GCT 0 0 0 0 0 0 1 30 0 2 0 0 0 2 0 0 0 0 0 0 0 0 0 0 0 0 0 1 0 0 0 0 0 0 1 3 0 7 2 183793 1 0 1 0 0 0 0 11 1 0 0 0 0 0 5 5 0 0 0 0 0 0 1 0
367 TCA 0 6 0 6 1 0 1 0 0 0 0 1 0 0 0 0 0 0 0 0 9 0 1 0 0 0 0 1 0 0 0 0 0 0 0 3 1 1 0 0 4 3 1 4 0 0 0 0 3 0 0 6 183678 2 13 0 0 0 1 0 7 0 0 0
368 AAT 6 8 0 183218 12 1 3 10 0 2 0 9 0 0 4 1 0 14 1 0 0 0 0 0 0 1 1 0 4 2 0 0 0 0 0 6 1 0 0 2 4 2 4 1 0 1 0 2 0 0 0 0 1 1 1 0 0 0 0 1 0 6 0 0
369 GAA 4 0 0 0 0 0 0 0 0 0 0 0 0 0 0 0 1 0 0 0 1 3 0 0 0 0 0 0 0 0 0 1 184102 0 41 0 6 0 12 0 5 0 10 1 0 0 0 0 6 0 0 0 0 1 0 0 0 1 0 0 0 0 0 0
370 AAC 3 183141 0 4 0 13 1 0 0 17 0 0 1 1 0 0 3 1 0 0 0 0 1 0 0 0 0 0 0 0 2 0 0 15 3 9 0 0 1 0 0 2 0 0 0 0 0 2 0 1 0 0 0 0 0 4 0 0 0 0 2 0 0 0
371 ATG 0 0 1 0 0 0 10 0 0 0 2 1 36 0 183962 13 0 0 0 0 0 3 3 2 0 3 0 0 0 5 0 0 0 0 0 0 0 0 0 2 0 0 1 0 0 0 10 0 0 0 0 0 0 0 3 0 0 3 0 4 1 0 1 0
372 GAT 0 0 0 14 0 0 0 0 0 0 0 0 0 0 0 0 0 0 0 1 0 0 0 0 0 0 0 0 0 0 0 0 0 15 34 183448 0 3 4 0 0 3 1 11 0 0 0 2 0 0 0 2 0 0 0 0 0 0 3 0 0 0 0 0
373 GCT 0 2 1 0 0 1 0 45 14 5 34 8 0 0 2 0 0 0 58 5 0 1 0 0 0 11 0 0 0 0 2 0 0 1 11 2 26 63 4 183422 1 0 2 3 1 2 0 37 0 0 0 0 2 0 0 9 0 9 0 0 0 0 0 3
374 ATG 0 0 0 0 3 0 18 0 1 0 1 0 22 0 183658 10 0 0 0 0 0 0 0 0 0 0 0 1 0 0 8 6 0 0 0 6 0 0 0 0 0 0 0 0 0 0 5 0 0 0 0 0 0 0 0 0 0 0 2 0 0 0 1 0
375 GAA 11 0 0 1 3 0 0 2 0 3 1 0 1 2 0 7 2 0 0 0 0 0 0 0 2 0 1 0 3 0 0 0 180710 2 21 0 1 0 0 0 20 0 7 0 0 0 3 3 3 0 1 2 0 0 0 0 0 0 4 0 1 0 0 0
376 TCA 0 1 0 0 1 0 0 0 0 15 0 0 0 0 2 0 0 1 0 4 2 1 0 0 0 0 0 0 0 0 0 0 0 0 0 0 2 2 4 14 0 0 0 1 2 0 0 2 2 0 0 2 156800 4 114 23 3 0 0 3 3 0 0 0
377 AGT 1 5 0 26 6 0 3 1 1 30 1 179695 1 6 271 9 0 6 0 2 0 0 0 0 1 8 10 22 0 2 7 6 0 0 0 2 0 15 4 88 1 0 5 8 0 130 0 0 0 0 0 2 2 0 2 0 0 0 0 35 0 39 0 0
378 ACT 0 0 1 8 0 12 11 155119 6 0 70 2 0 0 0 9 0 0 0 0 0 0 0 0 37 0 22 1 0 2 0 0 0 0 0 0 4 6 6 8 1 0 2 1 0 0 0 0 0 0 0 1 1 1 1 0 2 0 2 0 3 0 4 0
379 CTT 1 0 0 0 0 0 0 0 0 0 0 0 0 0 0 3 0 0 0 5 1 0 0 30 0 0 4 1 7 30 25 157437 0 0 0 0 0 0 0 1 0 0 2 0 0 0 1 0 0 0 3 0 0 0 1 1 0 0 0 0 0 0 0 0
380 GAA 15 0 0 0 0 0 0 0 3 2 0 1 1 0 0 0 7 1 0 0 0 0 0 0 1 2 0 0 0 0 0 0 181156 3 35 0 1 3 0 0 6 0 0 6 1 2 0 0 3 0 0 1 0 1 0 2 0 0 2 2 0 0 0 0
381 CTG 1 0 0 0 1 0 0 0 0 0 0 0 0 0 4 1 0 0 2 0 0 2 22 0 0 0 0 0 25 0 179295 9 1 1 2 0 0 0 0 0 1 0 0 2 0 0 1 0 0 0 0 0 0 0 0 1 0 0 0 0 0 0 3 0
382 AGA 14 2 6 1 2 1 2 0 176054 0 31 0 5 0 0 3 0 0 0 0 0 0 0 0 6 2 1 0 0 0 0 0 1 0 0 0 0 0 0 0 30 1 0 2 0 0 0 2 1 0 6 0 0 0 0 0 6 0 0 0 0 0 0 0
383 AGC 0 21 1 0 5 0 6 0 8 180446 3 121 0 6 1 0 2 0 0 0 0 0 2 0 0 0 0 0 0 0 0 0 0 1 0 0 10 1 7 2 3 14 0 1 0 0 19 0 0 0 0 0 0 2 31 3 1 2 0 0 0 0 0 2
384 AGG 9 0 63 0 0 0 1 0 76 2 176683 0 0 0 6 0 0 0 4 2 0 0 0 0 9 2 153 6 0 1 0 0 2 0 1 0 0 0 0 0 1 0 76 0 0 1 0 3 0 0 0 0 0 1 1 0 0 1 2 3 0 1 1 0
385 TAC 0 3 0 0 0 0 0 0 0 0 3 0 0 0 0 0 0 18 0 0 0 49 0 0 0 0 0 0 0 0 0 0 0 1 0 0 2 2 0 0 0 0 1 0 4 0 0 0 1 176899 3 20 122 1 0 0 0 16 0 2 0 0 4 0
386 TGG 0 0 0 0 0 0 0 0 11 0 1 3 0 0 3 0 0 2 0 0 0 0 0 0 2 0 22 0 0 0 0 1 1 0 0 0 0 0 1 0 0 0 0 1 0 0 1 0 0 0 13 0 0 0 1 1 11 0 171385 8 0 0 7 0
387 GCC 0 2 0 0 0 24 0 0 0 0 0 0 0 0 0 0 0 0 0 1 0 3 0 1 0 0 0 0 0 0 0 0 1 2 0 0 2 167383 42 4 3 2 6 1 0 26 2 0 2 0 0 0 0 5 0 36 0 0 0 0 0 0 0 0
388 ATA 3 0 0 2 23 0 0 0 3 0 1 0 174744 1 53 0 0 0 0 0 0 0 0 1 0 0 0 4 2 0 0 1 0 0 1 0 1 0 0 0 1 0 0 0 9 0 0 0 1 0 0 0 0 0 0 1 0 0 1 0 0 0 4 0
389 AGA 26 0 0 0 0 0 0 0 170152 0 13 0 1 0 1 0 0 0 0 0 0 0 0 0 37 11 0 0 0 0 0 0 0 0 1 0 0 0 0 0 18 0 0 0 0 8 0 0 0 1 0 0 0 0 0 0 3 0 8 0 0 0 0 1
390 ACC 0 0 0 0 6 167179 0 4 1 2 1 1 0 6 0 0 0 0 0 10 0 0 0 0 9 0 0 0 0 1 0 3 0 0 0 0 0 16 0 0 0 0 1 0 0 2 0 0 0 0 0 0 0 2 1 0 1 2 0 0 0 0 0 0
391 AGA 9 0 1 0 1 0 1 0 168793 0 10 2 3 2 0 0 0 0 0 0 0 0 0 0 39 11 0 3 1 0 0 0 0 0 0 0 0 0 0 0 16 0 0 0 0 1 1 0 0 0 0 0 0 0 1 0 2 0 0 0 0 0 0 0
392 AGT 9 0 0 26 0 0 0 0 0 2 3 179171 3 0 0 1 0 0 0 3 0 0 0 0 2 0 0 9 0 0 0 0 0 0 0 2 1 2 5 0 2 0 2 4 0 0 0 0 0 0 1 0 0 9 0 28 0 12 0 1 0 0 0 0
393 GGA 0 0 0 0 0 0 0 0 13 0 0 2 0 0 0 0 1 0 1 0 0 2 0 0 0 0 0 0 0 0 0 0 5 0 0 0 0 0 0 0 183318 39 104 11 2 0 0 0 0 0 0 0 0 0 0 0 4 1 0 0 0 0 0 0
394 GGA 0 0 0 0 0 0 0 0 16 0 0 0 0 0 0 0 0 0 0 0 0 0 0 0 0 0 0 0 0 0 0 0 15 0 0 1 0 0 0 0 183402 0 23 12 2 0 0 0 0 0 0 0 1 0 0 0 9 2 0 0 0 1 0 0
395 AAC 14 183039 4 35 0 2 38 12 0 25 10 7 0 2 0 0 2 2 24 1 1 0 0 0 1 1 14 182 1 0 3 11 0 4 3 0 12 1 4 1 5 1 5 0 2 0 1 6 0 1 3 11 0 1 0 0 2 2 1 2 1 2 0 0
396 ACT 0 0 5 1 4 46 6 182939 67 65 214 38 0 1 2 10 10 3 0 0 4 4 4 2 0 4 16 8 7 0 11 18 3 0 2 0 4 0 6 21 2 4 3 1 0 0 5 2 0 4 0 2 0 0 5 3 0 3 0 5 3 0 1 0
397 AAT 4 16 66 183445 0 0 1 5 1 11 0 10 49 0 0 1 0 2 23 1 0 0 0 0 8 2 4 3 1 0 0 2 0 0 0 18 2 3 2 3 1 3 8 0 0 1 0 2 9 0 1 0 8 0 13 39 1 24 12 5 1 0 2 10
398 CAA 10 0 4 0 6 0 4 1 52 0 38 0 0 1 0 0 183156 22 15 7 2 9 3 0 13 21 3 15 19 0 0 0 0 0 1 0 2 0 0 0 14 0 0 4 10 4 0 4 5 0 1 1 17 3 0 0 0 1 2 0 1 6 0 0
399 CAG 0 1 5 2 0 2 1 12 0 1 55 13 4 1 3 8 33 3 182606 13 2 12 17 7 13 102 47 47 24 65 2 2 4 0 5 2 0 3 4 2 2 7 228 1 0 3 4 2 0 0 9 1 0 7 6 1 1 0 7 18 0 24 3 31
400 AGG 8 0 42 0 0 0 0 0 20 0 182922 4 0 0 12 1 0 0 2 0 1 0 2 1 57 25 9 1 0 0 1 0 0 0 0 0 2 0 0 1 2 1 59 0 0 0 0 1 0 0 0 0 0 0 3 0 0 0 2 1 0 0 0 3
401 GCC 0 6 3 0 0 34 1 0 1 0 4 2 0 0 3 0 2 2 0 0 71 17 0 2 0 7 2 30 0 0 0 0 0 6 0 0 8 183503 11 6 2 9 15 0 0 50 0 0 0 0 0 0 0 59 0 5 0 0 0 22 0 0 0 0
402 TCT 0 0 0 2 0 0 19 8 1 0 1 8 0 1 0 0 0 63 0 0 8 0 1 30 33 1 9 0 3 0 2 0 1 0 0 0 0 10 19 3 0 10 55 23 2 0 2 3 0 2 4 6 4 97 9 183261 0 1 0 2 0 3 0 7
403 GCA 7 22 0 3 34 0 1 11 7 4 5 0 2 0 0 0 0 0 2 0 2 42 0 0 0 0 3 1 0 0 0 0 4 0 0 0 183286 48 147 5 4 0 10 1 122 1 7 0 0 0 0 3 13 2 0 5 1 12 0 0 0 0 0 0
404 GGT 0 0 0 0 0 1 0 0 0 5 2 11 0 0 0 1 0 0 0 0 0 0 1 9 0 0 0 0 0 0 0 0 0 0 0 17 2 2 7 5 71 66 34 183405 1 7 0 4 0 3 2 2 0 4 0 4 0 0 4 4 0 4 0 0
405 CAA 1 0 0 0 0 0 0 0 0 0 0 1 0 0 0 0 183926 4 81 0 0 2 0 2 30 0 1 0 1 0 0 0 3 0 0 0 0 0 3 0 0 0 0 0 0 0 0 0 10 0 0 0 0 0 1 2 0 0 0 0 0 0 0 0
406 ATC 0 3 0 0 34 14 22 0 10 2 0 0 8 183855 0 36 0 3 0 0 0 0 1 0 0 0 0 0 0 3 0 0 0 0 0 0 0 0 0 0 0 0 0 0 0 15 0 0 2 0 0 0 0 39 2 0 0 0 0 4 0 6 0 0
407 AGT 0 0 0 14 0 0 0 1 0 7 0 183914 0 0 0 1 2 0 0 0 0 0 0 0 0 0 0 3 0 0 0 0 0 0 0 0 0 0 0 7 0 0 5 63 0 0 0 0 0 3 0 0 1 0 0 0 0 0 0 6 0 0 0 0
408 GTG 0 0 0 0 0 0 0 0 0 0 0 0 0 0 37 0 0 0 0 0 0 0 0 0 0 0 0 0 0 0 0 0 0 0 1 0 0 0 25 0 0 0 0 0 91 0 183616 9 0 0 0 0 0 0 0 0 0 0 0 1 0 0 0 0
409 CAA 3 0 0 0 5 12 0 1 0 7 2 0 2 15 7 1 183411 16 15 2 0 0 0 1 7 1 0 0 1 0 0 13 3 0 0 0 0 0 52 10 9 0 2 19 9 0 8 8 112 9 1 16 5 4 122 15 0 2 17 40 2 0 2 0
410 CCT 0 0 0 0 0 0 0 6 0 0 0 5 0 0 0 0 0 0 3 13 13 66 4 183527 0 0 0 0 0 0 0 5 0 0 0 0 2 5 24 1 0 0 2 7 0 0 0 2 0 0 0 0 0 0 3 33 0 2 0 6 0 0 0 0
411 GCA 0 0 0 0 194 3 0 1 0 44 0 3 0 0 0 0 0 0 0 4 0 4 0 0 0 0 0 0 1 0 0 0 5 1 0 0 183583 8 12 0 1 0 3 0 49 0 0 1 0 0 1 0 11 100 4 3 2 0 0 0 0 0 0 0
412 TTT 0 0 0 0 0 0 0 0 0 0 0 0 0 0 0 5 0 0 0 0 0 0 0 1 0 0 0 0 0 0 0 10 0 0 2 0 2 0 0 0 0 0 3 0 3 0 2 6 0 11 0 2 0 0 0 2 0 3 0 1 1 13 5 183910
413 TCT 2 0 0 1 0 0 2 4 1 176 0 2 0 0 0 0 1 0 0 1 2 0 0 18 0 0 0 0 0 0 0 0 0 0 0 0 0 12 1 0 2 2 21 4 1 0 1 6 1 0 0 7 6 38 14 183646 0 3 0 0 0 0 0 5
414 GTG 0 0 1 0 2 10 0 0 0 1 0 0 0 0 43 0 0 0 0 0 0 0 0 0 0 0 1 0 1 0 3 22 0 0 1 0 1 1 21 0 1 0 11 4 43 0 183594 5 0 0 1 0 0 0 0 1 0 0 0 43 0 0 13 0
415 CAA 5 0 2 0 0 0 7 4 2 0 2 74 0 0 0 0 183348 5 14 1 1 0 0 0 22 23 158 4 0 1 14 6 0 1 3 1 33 11 5 42 4 1 17 8 0 16 8 0 16 5 0 3 0 0 105 78 0 0 4 1 0 0 1 12
416 AGA 11 0 0 2 0 0 0 0 183955 0 17 1 2 0 0 0 0 0 0 0 0 0 0 0 14 9 10 17 0 0 1 1 0 0 0 0 0 0 2 0 16 0 0 0 0 0 1 0 0 0 0 0 0 0 0 0 1 0 0 0 0 0 2 0
417 AAC 20 181868 21 11 42 59 19 0 1 15 9 21 0 0 0 6 0 14 2 0 17 0 1 0 51 2 0 0 1 1 4 28 2 7 3 1 4 9 0 6 0 6 32 5 11 5 0 34 0 8 0 1 0 0 0 0 0 6 0 1 0 0 11 0
418 CTC 0 0 0 0 0 0 3 0 0 0 0 0 1 20 0 0 0 0 1 0 0 14 0 0 0 0 1 0 3 87222 15 6 1 0 0 0 0 5 0 0 0 0 1 0 0 0 18 0 0 0 0 0 0 0 0 0 0 27 0 3 0 3 0 0
419 CCA 0 0 1 0 1 0 0 0 0 0 0 1 0 0 0 0 2 0 1 0 87160 0 9 2 0 0 1 0 6 0 0 0 1 0 0 0 1 0 8 6 0 1 0 4 0 7 1 7 0 0 0 0 3 0 2 0 0 1 0 0 0 0 2 1
420 TTT 1 0 0 3 2 0 0 0 0 0 0 2 0 1 23 1 0 12 0 0 0 0 0 0 0 0 0 1 0 10 4 8 1 1 1 0 17 6 7 22 2 0 0 0 22 1 44 5 0 0 0 0 5 1 0 23 0 0 1 6 0 34 24 86860
421 GAC 0 44 0 4 2 24 1 2 0 21 0 7 0 51 0 1 2 8 0 0 0 0 0 0 3 3 1 0 28 0 0 1 2 87118 2 10 2 6 6 1 0 15 1 0 39 3 11 1 0 1 0 3 5 0 61 0 0 0 0 0 18 1 0 0
422 AAA 87310 15 22 0 5 4 0 1 8 0 38 0 0 0 1 0 2 1 1 0 0 0 0 5 0 0 9 0 0 0 0 0 8 0 1 0 0 1 2 4 0 0 20 1 1 1 3 0 0 0 0 2 0 0 1 3 0 0 0 1 0 1 0 2
423 CCA 13 6 0 7 5 0 1 0 8 37 46 10 0 0 0 0 11 3 19 2 86523 4 16 2 79 84 76 4 5 2 1 0 2 0 0 0 11 2 6 1 96 24 52 52 1 2 1 1 0 5 0 3 16 2 4 0 0 0 0 7 0 0 5 2
424 ACC 0 101 3 3 0 87107 0 16 2 33 0 0 0 23 1 0 6 4 0 2 0 0 1 0 0 1 0 0 0 0 1 0 1 5 1 2 0 4 3 3 1 6 4 4 1 0 8 0 0 0 0 4 2 29 8 1 0 0 0 2 0 0 0 2
425 ATC 0 0 0 0 0 14 34 2 0 4 0 0 3 87347 0 7 0 0 0 0 0 0 0 0 0 0 0 0 0 1 0 0 0 0 0 0 0 0 9 1 8 0 0 0 1 11 17 1 0 1 0 0 0 0 1 0 0 5 0 0 0 0 0 0
426 ATG 0 3 2 4 0 1 8 0 0 2 5 2 6 15 87034 9 0 0 4 0 0 0 0 0 0 0 0 0 0 17 6 5 1 0 0 0 2 3 0 0 1 0 1 0 5 0 9 1 0 0 0 0 0 0 1 0 0 4 1 0 7 0 3 0
427 GCA 0 0 0 0 45 0 0 18 26 0 5 4 0 0 3 0 0 5 0 2 0 1 1 0 0 4 6 0 1 1 2 1 4 0 1 1 86123 1 8 17 12 6 25 7 48 0 0 1 0 3 0 2 3 12 795 3 30 3 2 0 5 0 11 1
428 GCA 0 0 2 0 74 1 0 1 0 18 0 0 0 0 0 0 0 5 26 1 1 0 0 0 0 0 1 2 0 0 0 0 3 0 0 0 87125 0 9 1 3 2 4 5 34 0 4 0 0 0 0 2 1 0 0 0 0 1 0 4 0 0 0 0
429 TTC 0 1 0 0 0 0 0 0 0 0 0 0 0 0 0 0 0 0 2 0 0 1 0 0 3 0 1 0 0 7 0 4 0 0 0 0 0 0 0 2 0 1 0 0 2 2 1 2 0 23 0 67 0 9 1 2 6 1 0 1 1 87117 4 29
430 ACT 1 0 11 6 9 16 3 87114 0 0 27 17 0 0 1 12 1 0 6 0 0 5 0 0 0 0 0 0 0 2 0 0 0 0 3 0 1 2 14 9 5 5 28 0 0 0 0 0 0 0 0 0 0 0 12 4 0 0 26 21 0 0 0 0
431 GGG 1 0 2 1 0 0 0 4 0 0 9 8 0 1 0 3 0 9 2 0 0 0 2 0 0 1 1 0 0 0 0 0 0 0 7 0 0 0 4 2 50 2 87297 58 0 0 3 3 0 0 0 15 0 0 5 0 1 0 31 11 0 5 0 2
432 AAT 3 11 0 87104 1 0 5 8 0 0 0 29 0 0 0 19 0 0 11 9 0 1 0 2 1 1 2 6 1 0 1 16 0 0 0 12 1 0 1 1 3 0 8 2 5 0 4 5 0 4 0 2 2 5 2 2 0 0 12 12 2 1 0 1
433 ACA 2 0 5 0 87151 3 45 11 1 0 0 0 39 0 2 0 9 0 2 1 1 10 0 0 3 0 0 0 0 0 0 2 0 0 2 3 15 0 0 0 1 2 0 3 0 8 10 0 0 0 0 0 0 0 0 0 0 2 0 11 1 0 0 2
434 GAG 1 0 8 0 1 0 0 0 0 0 0 2 0 2 0 0 0 0 2 1 1 0 6 14 0 0 0 1 0 1 0 0 16 0 87229 8 0 1 12 1 1 1 26 1 8 0 41 1 2 0 4 0 0 0 1 0 0 1 10 0 0 0 0 0
435 GGA 0 0 0 0 0 0 0 0 5 0 1 0 0 0 0 0 0 0 0 1 0 0 0 0 0 0 0 0 0 0 0 0 11 0 0 1 1 1 0 0 87242 0 34 8 4 0 1 0 0 0 0 0 0 0 0 0 2 0 0 0 0 0 0 0
436 AGA 13 0 0 0 0 0 0 0 87303 0 22 1 3 0 1 0 0 0 0 0 0 0 0 0 18 0 6 14 0 0 0 0 0 0 3 0 0 0 1 0 2 0 0 1 0 1 4 0 0 0 0 0 0 0 0 0 0 0 0 0 0 0 0 0
437 ACA 1 0 0 0 87202 0 9 3 1 0 0 0 4 1 0 1 1 0 0 0 2 0 1 0 0 0 0 0 0 0 0 0 0 0 1 0 42 0 0 1 0 0 3 0 0 0 0 1 0 0 0 0 9 0 0 0 0 0 0 0 0 0 0 2
438 TCA 2 5 0 0 1 0 0 0 0 1 0 5 0 0 5 0 0 9 2 0 7 7 0 0 0 0 1 0 1 0 0 0 0 0 0 0 0 0 41 0 39 23 38 1 0 0 0 0 6 0 0 6 87269 2 41 1 0 0 1 0 4 0 0 0
439 GAC 0 8 0 0 0 0 0 0 0 0 1 0 0 0 0 0 0 1 0 0 0 0 0 0 0 0 0 0 0 0 0 0 2 87475 0 5 0 0 0 0 0 6 0 0 0 1 0 0 3 1 0 0 0 0 0 0 0 0 0 0 0 0 0 0
440 ATG 1 1 2 0 0 0 7 0 0 1 1 0 7 0 87227 5 0 0 0 1 0 0 2 0 0 0 0 0 0 0 0 0 1 0 0 0 0 2 0 0 0 0 0 1 0 0 10 0 0 15 0 3 0 0 0 0 0 0 1 0 1 0 3 0
441 AGG 0 0 10 0 0 0 0 0 5 0 87439 2 0 0 11 0 0 0 0 0 0 1 0 0 0 0 0 2 0 0 0 0 0 0 7 0 0 0 0 0 0 0 13 0 0 0 1 0 1 0 0 0 0 0 0 0 0 0 0 0 0 0 1 0
442 GCA 0 3 4 2 82 50 15 0 0 7 0 1 0 0 0 0 0 0 3 0 0 0 0 0 1 5 0 0 0 2 20 0 2 0 0 0 87281 22 33 1 3 2 0 4 5 0 8 15 0 0 0 0 10 14 5 1 0 1 0 0 0 0 1 0
443 GAA 2 0 0 0 0 0 0 0 0 0 0 0 0 0 3 0 1 0 0 0 0 0 0 1 0 0 0 0 0 0 0 0 87418 1 3 0 0 0 0 0 9 0 1 0 0 0 1 0 0 0 0 0 0 0 0 1 0 0 0 0 0 0 0 0
444 ATT 0 0 0 3 0 0 0 7 0 0 1 0 1 17 1 87327 1 0 0 0 0 0 0 0 0 0 0 3 0 0 2 0 0 1 1 1 0 0 0 0 0 1 0 0 1 1 8 10 0 0 0 0 0 0 0 0 0 0 1 0 0 0 0 3
445 ATA 0 0 1 1 4 0 0 0 0 0 8 0 87283 1 18 2 0 0 0 0 0 0 0 0 2 1 0 0 2 0 0 2 0 0 0 0 1 0 1 0 0 1 1 0 5 1 0 4 3 0 0 0 0 0 0 20 0 1 0 1 0 1 1 0
446 AGG 2 1 11 0 1 3 4 2 11 0 81494 5 1 0 8 3 0 2 1 2 0 5913 1 0 4 0 23 3 2 0 0 0 0 2 1 0 0 1 4 1 0 1 21 1 0 0 3 0 0 0 0 0 2 1 5 1 0 1 4 1 0 0 1 0
447 ATG 0 0 3 1 4 0 4 0 0 0 0 1 5 0 87457 2 0 0 1 0 1 2 0 0 0 0 0 4 0 0 1 2 0 0 0 2 0 0 1 1 0 3 1 1 0 0 5 0 0 1 1 0 0 1 2 0 0 0 0 2 0 0 5 0
448 ATG 0 0 0 0 3 0 3 0 0 0 1 0 14 3 87497 7 0 0 0 0 0 0 0 1 0 0 2 0 0 0 1 0 3 0 0 1 0 0 0 0 0 0 0 0 0 0 24 0 0 0 0 0 0 0 0 0 0 0 0 0 0 0 2 0
449 GAA 2 0 0 0 0 0 0 0 0 0 0 1 0 1 0 0 0 0 0 0 0 0 0 0 0 0 0 0 0 0 0 0 87435 4 21 6 1 0 0 0 19 0 0 0 0 0 0 0 0 0 0 0 2 1 0 0 1 1 0 0 1 0 0 0
450 GGT 14 17 0 16 0 0 18 0 0 9 0 34 1 2 0 0 0 0 0 8 0 2 0 1 1 7 0 1 0 4 0 0 0 0 2 18 1 1 0 0 1 25 14 87287 0 1 0 7 0 25 0 4 0 36 0 0 0 0 0 27 0 0 12 0
451 GCA 0 0 2 0 73 0 0 3 0 29 0 5 0 0 8 0 0 50 3 0 1 1 0 0 0 10 0 1 0 0 25 1 5 0 4 3 86819 0 55 0 1 3 7 6 117 1 1 1 0 180 0 7 5 0 0 0 0 0 0 0 0 12 3 6
452 AAA 87527 8 3 0 0 0 0 0 1 0 0 0 3 0 2 1 2 0 0 1 28 0 0 0 8 0 0 0 0 1 2 0 2 0 0 1 1 0 0 1 0 0 1 0 0 1 0 0 0 0 0 0 0 0 0 1 0 1 0 0 0 0 0 0
453 CCA 0 2 0 0 2 0 0 0 14 4 0 0 0 1 0 0 0 0 7 0 87329 0 8 1 3 0 0 0 1 3 4 0 2 2 1 0 0 0 0 0 7 4 31 2 0 13 0 0 0 13 0 0 22 0 0 0 0 1 5 3 0 0 0 0
454 GAA 8 0 0 0 0 0 0 0 0 0 1 0 0 0 0 0 2 2 1 0 1 6 0 0 0 0 0 0 70 10 0 0 87574 6 7 0 0 0 1 0 10 0 9 0 0 14 8 0 1 12 0 1 0 3 3 2 0 5 2 0 8 0 0 11
455 GAA 10 3 0 4 8 3 8 1 1 0 0 0 21 0 1 7 4 2 3 3 0 2 0 0 1 0 0 0 0 0 3 30 87369 5 15 0 15 2 0 2 12 0 8 0 3 83 0 15 2 1 0 1 0 6 9 8 0 0 0 4 0 0 1 2
456 ATG 0 0 8 0 0 0 3 0 0 0 1 2 11 0 87427 5 0 0 14 20 0 0 0 0 0 0 6 0 5 0 0 0 0 0 0 0 0 0 0 0 0 6 6 0 0 0 47 2 0 1 0 3 23 0 5 0 0 0 8 7 7 11 5 8
457 TCC 0 0 1 0 0 3 0 0 0 0 0 0 0 0 0 0 2 24 0 1 0 3 0 0 0 0 0 0 37 1 9 1 0 0 0 0 0 0 0 0 0 5 0 0 0 0 0 0 1 1 0 0 38 87127 18 35 0 0 0 1 1 4 15 0
458 TTC 0 0 0 0 0 0 0 0 0 0 0 0 0 1 0 0 0 0 0 0 0 0 0 0 0 0 0 0 0 5 0 0 1 0 0 0 0 0 0 0 1 0 0 1 0 8 0 0 0 0 0 0 0 6 0 0 0 0 5 0 2 87458 2 3
459 CAG 0 0 2 0 0 4 0 0 5 0 6 0 1 0 0 0 8 0 87314 8 1 0 10 0 0 0 63 0 0 0 5 2 0 0 4 0 2 0 0 0 3 0 7 1 0 0 1 5 0 0 6 1 0 0 4 0 0 1 0 1 0 0 0 8
460 GGG 0 1 0 0 0 0 0 0 0 0 11 0 0 0 0 0 1 0 0 0 0 0 0 0 0 0 8 0 0 0 0 0 0 0 3 0 0 0 0 0 15 2 68373 1 0 0 0 0 0 0 0 0 0 0 0 0 0 0 17 0 0 0 1 0
461 CGG 3 1 0 1 0 0 0 0 0 0 1 0 0 0 0 0 0 0 16 0 0 0 0 0 6 0 62315 0 0 0 1 0 0 0 0 0 1 0 0 0 0 0 2 0 0 0 0 0 0 0 0 0 0 0 0 0 0 0 13 0 0 0 0 0
462 GGA 0 0 0 0 0 0 0 0 8 0 0 0 0 0 0 0 0 1 0 0 1 2 0 0 0 0 0 0 0 0 0 0 3 0 0 0 1 4 59 31 64264 0 31 10 0 0 0 0 0 1 0 0 0 0 0 0 2 1 0 0 0 0 0 0
463 GTC 0 0 0 0 0 0 0 0 0 0 0 0 211 33 0 0 0 0 0 0 0 0 0 0 0 0 0 0 0 0 0 0 0 0 0 0 0 1 0 0 0 1 0 0 10 69026 38 9 0 0 0 0 0 0 0 0 0 0 0 0 0 0 0 0
464 TTC 0 0 0 0 0 0 0 0 0 0 0 0 0 3 0 2 0 0 0 0 21 0 0 0 0 0 0 0 0 11 0 0 0 0 0 0 0 0 0 0 0 0 0 0 0 0 0 0 0 0 0 0 0 13 0 1 0 0 0 0 1 76653 0 8
465 GAG 0 0 6 0 0 0 0 0 0 0 1 0 0 1 0 0 0 0 0 0 0 0 0 0 0 0 0 0 0 0 0 0 2 0 73434 0 0 0 0 0 2 0 9 1 0 0 2 0 0 0 0 0 0 0 0 0 0 0 0 0 0 0 0 0
466 CTC 0 3 8 6 7 0 0 0 0 1 0 0 0 14 24 11 2 1 0 11 5 18 0 5 0 0 1 0 5 56518 9 10 0 0 0 0 2 0 0 0 1 0 2 3 1 2 0 0 1 0 1 0 0 1 0 0 0 0 55 1 6 151 4 8
467 TCG 0 1 1 0 0 0 2 9 0 0 7 0 0 0 0 0 0 0 0 0 0 0 3 0 0 0 3 0 0 0 0 0 0 0 1 0 0 0 0 0 0 1 0 0 0 1 1 0 0 0 1 0 18 2 75603 1 0 2 2 1 0 7 13 0
468 GAC 0 5 0 0 0 0 0 0 0 0 0 0 0 0 0 0 0 0 0 0 0 0 0 0 0 0 0 0 0 0 0 0 2 75309 1 5 0 0 0 0 0 14 0 0 0 0 0 0 0 1 0 0 0 1 0 0 0 0 0 1 0 0 0 0
469 GAA 19 0 0 0 0 1 2 3 0 0 0 0 0 0 3 0 1 0 1 0 0 0 1 0 0 0 0 0 0 0 0 0 75783 2 25 1 0 1 1 0 9 0 2 0 0 2 3 0 1 0 1 0 0 0 0 0 0 0 0 0 0 0 0 0
470 AGG 0 0 7 0 0 0 0 0 9 0 75653 0 0 0 9 0 0 0 0 0 0 0 0 0 0 0 2 0 0 0 0 0 0 0 0 0 0 0 0 0 0 0 15 0 0 0 0 0 0 0 0 0 0 0 0 0 0 0 2 0 0 0 0 0
471 GCA 0 0 0 0 17 0 0 0 0 0 1 0 0 0 0 0 0 0 0 0 0 0 0 0 0 0 0 0 0 0 0 0 1 0 0 0 73210 2 32 2 1 0 0 0 39 0 0 0 0 0 0 0 0 0 0 0 0 0 0 0 0 0 0 0
472 GCG 0 0 0 0 0 2 53 0 0 0 0 0 0 0 0 0 0 0 0 1 0 0 2 0 0 0 0 0 0 0 0 0 0 0 0 0 11 0 69293 2 0 0 0 0 0 0 30 0 0 0 0 0 0 0 1 0 0 1 0 0 0 0 0 0
473 AAC 2 76179 1 18 0 0 0 0 0 1 0 0 0 1 0 0 0 15 0 0 0 0 0 1 2 1 0 0 0 0 0 0 0 6 0 0 1 0 0 0 0 0 0 0 0 0 0 0 0 0 0 0 0 0 0 0 0 0 0 0 0 0 0 0
474 CCG 0 0 0 0 0 0 4 0 0 0 0 0 0 0 0 0 0 0 4 0 12 0 85727 5 0 2 0 0 0 0 8 0 0 0 0 0 0 0 0 0 0 0 0 0 0 0 0 0 0 0 0 0 0 0 5 0 0 0 0 0 0 0 0 0
475 ATC 0 0 0 0 0 4 0 0 0 1 0 0 1 87211 0 10 0 1 0 0 0 0 0 0 0 0 0 0 0 0 0 0 0 0 0 0 0 0 0 0 0 0 0 0 0 9 0 0 0 0 0 0 0 0 0 0 0 0 0 1 0 0 0 0
476 GTG 0 0 0 0 0 0 1 0 0 0 0 0 0 0 31 0 0 0 0 0 0 0 0 0 0 0 0 0 0 0 0 0 0 0 3 1 4 0 11 0 0 0 1 0 25 0 87095 0 0 0 0 0 0 0 0 0 0 0 0 0 0 0 2 0
477 CCC 0 0 0 0 0 0 0 0 0 0 0 0 0 0 0 0 0 1 0 0 3 87429 0 10 0 0 0 0 0 1 0 0 0 0 0 0 0 0 0 0 0 0 0 0 0 0 0 0 0 0 0 0 0 11 0 0 0 0 0 0 0 0 0 0
478 TCT 0 0 0 0 0 2 0 2 0 0 0 0 3 0 1 0 0 2 0 0 0 0 4 7 0 0 0 0 0 0 0 2 0 0 0 0 0 0 0 0 0 0 0 0 0 0 0 0 0 0 0 0 4 87 7 87456 0 0 0 1 0 1 1 2
479 TTT 0 0 0 0 0 0 0 0 0 0 0 0 0 0 0 1 0 0 0 0 0 0 0 0 2 0 0 0 0 0 0 6 0 0 0 0 0 0 1 0 0 1 0 1 1 3 0 0 0 0 0 3 0 0 0 0 0 0 0 0 3 8 1 87349
480 GAC 0 8 0 0 0 0 0 0 0 0 1 1 0 0 0 0 0 1 0 0 0 1 1 0 0 0 0 0 0 0 0 0 1 87510 0 10 0 1 0 0 0 16 0 0 0 0 2 0 0 1 0 0 0 2 0 1 0 0 0 0 1 1 0 0
481 ATG 0 0 1 0 0 0 3 0 0 0 0 0 3 0 87458 0 0 0 0 0 0 0 0 0 0 0 0 0 0 0 0 0 0 0 0 0 0 0 0 0 0 0 1 0 0 0 15 0 0 0 0 2 0 0 0 0 0 0 5 0 0 0 0 0
482 AGT 0 0 0 6 0 1 0 2 1 16 0 87716 0 0 0 2 0 0 0 0 0 0 0 0 0 0 0 2 0 0 0 0 0 0 0 0 0 0 0 0 0 0 0 5 0 0 0 0 0 0 0 0 0 0 0 0 0 0 0 2 0 0 0 0
483 AAT 12 81 0 87557 0 0 0 0 0 0 0 4 0 0 0 0 0 0 0 0 0 0 0 0 0 0 0 0 0 0 0 0 0 0 0 3 0 0 0 0 0 0 0 0 0 0 0 0 0 0 0 0 0 0 0 0 0 0 0 0 0 0 0 0
484 GAA 7 0 0 0 0 0 0 2 0 0 0 0 0 0 0 0 0 0 0 0 1 1 0 0 0 0 0 0 0 0 0 0 87398 1 17 1 0 0 0 0 4 0 0 0 0 0 142 0 0 0 0 0 0 0 0 0 0 0 0 0 0 0 0 0
485 GGA 0 0 0 0 0 1 0 0 21 20 3 0 0 0 6 0 0 0 0 0 0 0 0 0 7 0 10 15 0 0 0 0 7 0 0 0 37 0 0 0 86939 0 5 32 6 0 19 0 0 0 0 1 0 0 0 0 4 9 6 485 0 0 0 6
486 TCT 0 0 0 0 0 0 0 0 0 0 0 0 0 0 0 0 0 0 0 0 0 0 0 1 0 0 0 0 0 0 0 0 0 0 0 0 0 0 0 0 0 0 0 0 0 0 0 0 0 0 0 1 2 3 0 87728 0 0 0 1 0 0 0 3
487 TAT 0 0 0 0 0 0 0 0 0 0 0 0 0 0 0 0 0 0 0 9 0 0 0 0 0 0 0 0 0 0 0 0 0 0 0 0 0 0 0 0 0 0 0 0 0 0 0 0 0 1 0 87631 0 0 0 0 0 0 0 4 0 0 0 0
488 TTC 0 0 0 0 1 0 0 0 0 0 0 0 0 0 0 0 0 0 0 0 0 0 0 0 0 0 0 0 0 3 0 0 0 0 0 0 0 0 0 0 0 0 0 0 0 0 0 0 0 0 0 0 0 4 0 0 0 0 0 0 0 86859 1 5
489 TTC 0 0 0 0 0 0 0 0 0 0 0 0 0 3 0 0 0 0 0 0 0 0 0 0 0 0 0 0 0 3 0 0 0 0 0 0 0 0 0 0 0 0 0 0 0 1 0 0 0 0 0 0 0 10 0 0 0 0 0 0 1 87105 3 5
490 GGA 0 0 0 0 0 0 0 0 4 0 0 0 0 0 0 0 0 0 0 0 0 0 0 0 0 0 0 0 0 0 0 0 1 0 0 0 0 0 0 0 87614 1 15 0 0 0 0 0 0 0 0 0 0 0 0 0 2 0 0 0 0 0 0 0
491 GAC 0 5 0 0 0 0 0 0 0 0 0 0 0 0 0 0 0 0 0 0 0 0 0 0 0 0 1 0 0 0 0 0 1 87701 0 3 1 0 0 0 0 19 1 0 1 0 4 0 0 1 1 0 0 0 0 0 0 0 0 0 0 0 0 0
492 AAT 2 7 0 87461 0 0 0 0 0 0 0 6 0 0 0 0 0 0 0 2 0 0 0 0 0 0 0 0 0 0 0 0 0 0 0 13 0 0 0 81 0 0 0 0 0 0 0 0 0 0 0 0 0 0 0 0 0 0 0 0 0 0 0 0
493 GCA 0 0 0 0 59 0 1 0 0 0 0 0 0 0 0 0 0 0 1 0 1 0 0 0 0 0 4 0 1 0 0 1 1 0 0 0 87515 0 14 8 0 0 0 0 32 0 1 0 0 0 0 0 1 0 0 0 0 0 0 0 0 0 0 1
494 GAG 0 0 4 0 0 0 0 0 0 0 0 0 0 0 1 0 0 0 0 0 0 0 0 0 0 0 0 0 0 0 0 0 16 0 87482 6 0 0 0 0 0 0 14 0 1 0 2 0 0 0 1 0 0 0 0 0 0 0 0 0 0 0 0 0
495 GAG 0 1 6 0 0 0 0 0 1 0 0 0 0 0 0 0 0 0 0 0 0 0 0 0 0 0 0 0 0 0 0 0 15 14 87642 9 0 0 0 0 0 0 10 0 0 0 0 0 0 0 1 0 0 0 0 0 0 0 0 0 0 0 0 0
496 TAC 0 2 0 0 0 0 0 0 0 0 0 0 0 0 0 0 0 9 0 0 0 0 0 0 0 0 0 0 0 0 0 0 0 0 0 0 0 0 0 3 0 0 0 0 0 0 0 85 1 87602 0 27 0 0 0 0 0 16 4 0 0 0 2 3
497 GAC 0 13 6 1 0 6 0 0 0 11 1 0 6 1 7 0 1 0 0 5 1 0 0 0 0 0 0 0 0 0 0 0 2 87376 6 4 2 7 3 0 5 42 12 4 2 53 8 2 0 6 2 1 0 0 2 0 1 0 0 0 0 0 98 0
498 AAT 47 49 41 86651 4 2 2 52 57 14 68 44 12 0 11 4 2 3 0 5 0 22 0 1 21 16 11 3 1 2 2 0 1 0 1 6 10 4 19 3 102 122 10 49 9 2 3 6 0 0 2 0 1 1 8 10 15 11 7 7 0 1 1 0
499 TAA 1 0 0 0 0 0 0 0 0 0 0 0 0 0 0 0 10 0 0 0 0 0 0 0 0 0 0 0 0 0 0 0 0 0 0 0 0 0 0 0 0 0 0 0 0 0 0 0 87636 1 1 5 0 0 0 0 7 0 0 0 14 0 0 0
