# POSITION WT AAA AAC AAG AAT ACA ACC ACG ACT AGA AGC AGG AGT ATA ATC ATG ATT CAA CAC CAG CAT CCA CCC CCG CCT CGA CGC CGG CGT CTA CTC CTG CTT GAA GAC GAG GAT GCA GCC GCG GCT GGA GGC GGG GGT GTA GTC GTG GTT TAA TAC TAG TAT TCA TCC TCG TCT TGA TGC TGG TGT TTA TTC TTG TTT
1 ATG 0 0 2 0 0 0 5 0 0 0 0 0 4 0 194989 9 0 0 0 0 0 0 0 0 0 0 0 0 0 0 0 0 0 0 0 0 0 0 0 0 0 0 0 0 0 0 44 0 0 0 0 0 0 0 0 0 0 0 0 0 0 0 1 0
2 GCG 0 0 0 0 0 0 5 0 0 0 0 0 0 0 0 0 0 0 0 0 0 0 0 0 0 0 0 0 0 0 0 0 0 0 6 0 34 0 194054 1 0 0 0 0 0 0 44 0 0 0 0 0 0 0 0 0 0 0 0 0 0 0 0 0
3 TCC 17 1 2 0 11 1 3 0 0 0 0 0 0 2 0 0 14 9 1 0 0 14 0 0 0 1 0 4 0 2 7 2 0 2 1 0 1 27 0 60 0 0 0 0 1 1 0 5 0 5 0 0 9 192461 15 29 0 2 0 0 1 4 8 0
4 CAA 52 13 10 54 110 7 11 1 2 0 1 52 7 47 3 11 193952 3 32 8 10 0 0 0 24 0 0 3 11 5 0 10 5 0 0 0 8 2 2 9 0 0 0 10 80 2 0 0 9 6 0 164 93 13 8 87 2 0 141 22 134 16 5 36
5 GGC 0 0 0 0 0 13 0 0 0 47 0 0 0 0 0 0 0 1 0 0 0 3 0 0 0 11 0 0 0 0 0 0 0 25 0 0 0 8 0 0 3 194763 0 17 0 5 0 0 0 3 0 0 0 18 0 0 0 29 0 0 0 1 0 0
6 ACC 0 1 0 0 6 194772 0 0 0 0 0 0 0 2 0 0 0 0 0 0 0 0 0 0 0 0 0 0 0 0 0 0 0 0 0 0 0 8 0 0 0 0 0 0 0 0 0 0 0 0 0 0 0 0 0 0 0 0 0 0 0 0 0 0
7 AAA 194825 3 14 13 1 0 0 0 2 0 0 0 1 0 0 0 2 0 0 0 0 0 0 0 0 0 0 0 0 0 0 0 4 0 0 0 0 0 0 0 0 0 0 0 0 0 0 0 0 0 0 0 0 0 0 0 0 0 0 0 0 0 0 0
8 CGG 0 0 0 0 0 0 0 0 0 0 1 0 0 0 0 0 4 0 12 0 3 0 9 0 13 0 194965 6 0 0 14 0 0 0 0 0 0 0 0 0 0 0 0 0 0 0 0 0 0 0 0 0 0 0 0 0 0 0 34 0 0 0 0 0
9 TCT 0 0 0 0 10 12 2 2 0 0 0 0 2 0 0 0 0 0 0 0 0 1 0 2 0 0 0 0 0 1 0 0 0 0 0 0 1 0 0 7 0 0 0 0 1 1 0 0 0 0 0 8 5 78 49 193971 0 0 0 0 0 4 0 2
10 TAT 2 30 0 10 2 13 2 34 0 2 0 1 0 15 2 4 7 2 1 105 3 0 1 1 1 5 0 0 1 12 1 5 0 2 0 14 1 2 15 0 1 3 3 0 5 7 0 2 2 13 1 194436 0 8 3 22 0 0 0 10 2 0 0 11
11 GAA 15 0 0 0 5 4 0 2 0 0 0 0 0 2 0 0 3 1 0 0 0 0 0 1 0 0 0 5 1 0 0 1 194822 3 13 0 0 0 3 2 17 0 0 0 5 6 3 6 21 4 0 0 1 8 0 0 0 2 7 2 2 1 0 0
12 CAG 23 14 8 21 16 3 4 42 90 47 14 18 4 18 4 9 22 64 194236 22 11 4 3 10 2 1 63 19 21 2 16 25 0 20 2 2 1 4 1 7 1 1 0 9 5 1 6 0 4 5 13 1 0 11 1 20 0 0 2 2 0 0 18 2
13 ATG 0 1 2 0 0 0 4 1 0 1 2 0 21 14 194811 8 1 0 1 1 4 0 1 0 0 1 1 0 0 1 1 0 1 0 3 1 1 2 1 1 0 1 0 0 0 1 9 1 2 0 2 0 0 0 0 0 0 1 0 0 0 0 1 0
14 GAA 22 0 3 0 2 0 1 0 2 0 0 0 0 6 0 0 0 0 0 0 1 0 0 0 0 1 0 0 1 0 0 0 194981 14 16 10 1 22 0 0 16 0 6 1 1 4 0 30 4 0 0 0 0 2 1 0 0 0 6 2 0 0 20 1
15 ACT 0 0 0 3 13 22 4 194961 0 0 0 1 0 1 0 2 0 10 1 0 0 0 0 3 0 1 0 0 0 0 0 0 0 0 0 0 0 3 0 9 0 0 0 1 0 0 2 1 0 1 0 0 0 0 0 0 0 3 0 4 0 0 0 0
16 GAT 0 1 0 9 10 0 1 1 0 0 7 0 0 0 0 0 3 2 0 0 0 0 0 0 0 0 0 1 0 1 0 0 10 3 14 194710 0 0 0 1 0 0 60 38 2 0 0 0 0 0 0 13 0 0 0 0 0 0 0 0 0 0 2 0
17 GGG 0 4 0 1 1 2 1 3 0 0 11 0 0 1 0 0 0 3 0 0 0 13 9 3 2 0 3 0 0 7 3 1 0 0 11 1 0 0 2 2 58 1 194687 19 0 0 8 0 0 0 0 0 1 3 2 2 2 6 14 0 0 0 0 0
18 GAA 38 2 0 6 27 9 0 2 1 3 1 0 0 6 0 1 29 29 14 9 71 21 8 7 3 1 0 0 6 4 7 5 194405 35 19 1 0 29 10 20 13 12 2 0 0 12 0 11 30 2 0 5 5 30 7 2 0 6 2 15 1 1 0 3
19 CGC 0 0 0 0 0 2 0 0 0 8 0 0 0 0 0 0 0 59 1 0 0 9 0 2 1 194631 3 7 0 8 0 0 0 0 0 0 0 3 0 0 0 1 0 0 0 0 1 0 0 1 0 0 0 1 0 0 0 47 0 0 0 0 0 0
20 CAG 0 2 2 0 3 0 0 0 0 0 2 0 0 0 0 0 16 1 193488 18 0 0 321 0 0 1 64 1 0 3 2 3 0 0 0 0 0 0 5 0 0 0 0 0 1 0 1 0 0 1 6 0 0 0 0 0 1 0 0 0 0 0 0 0
21 AAT 5 23 8 194782 52 38 70 18 0 13 14 5 1 0 3 1 4 13 0 2 1 2 2 3 2 21 1 5 5 12 6 4 2 1 0 11 15 4 0 5 7 0 1 13 11 2 2 1 1 3 0 2 3 6 59 11 23 0 0 6 2 2 0 0
22 GCA 27 1 11 0 44 15 31 2 16 9 2 0 0 2 1 0 2 5 5 3 39 10 3 6 23 120 45 276 3 1 0 6 7 0 1 0 194261 20 23 29 2 1 2 0 46 8 5 2 1 0 1 0 4 6 7 1 0 6 2 1 0 1 1 1
23 ACT 2 49 2 51 48 42 29 194266 8 39 23 21 1 8 2 13 19 8 5 18 10 6 10 7 27 4 7 2 14 13 0 4 0 3 1 1 15 16 7 28 7 15 6 8 1 2 0 1 5 17 2 2 6 77 13 1 3 3 9 4 1 4 14 0
24 GAG 2 15 19 7 14 22 11 0 14 1 15 2 5 4 4 7 4 1 12 1 3 1 3 1 3 0 2 4 16 9 0 4 24 5 195051 34 37 0 2 0 0 0 27 1 0 1 7 11 0 2 16 7 1 9 19 1 3 1 1 6 2 1 2 2
25 ATC 1 0 0 0 0 9 2 0 6 1 2 0 14 195318 2 11 0 1 0 2 0 4 0 1 0 0 1 2 0 1 1 0 0 0 0 0 1 1 0 0 1 1 0 0 0 11 3 3 5 0 0 3 0 0 1 0 0 0 0 0 0 1 3 1
26 AGA 8 1 0 0 0 1 0 0 195067 8 25 2 5 0 0 0 0 1 1 0 0 3 0 0 36 44 5 0 0 0 0 0 0 0 0 0 0 4 0 0 37 1 0 1 1 0 0 0 0 0 0 0 0 4 0 1 2 0 0 0 0 10 0 0
27 GCA 0 0 34 5 16 0 0 11 0 12 13 0 1 0 6 2 1 9 4 3 3 0 1 1 0 23 0 0 0 2 0 2 1 0 0 0 194993 7 46 1 4 4 4 3 55 7 3 3 2 0 1 2 12 2 2 2 0 0 5 0 4 0 1 0
28 TCC 6 0 4 12 0 5 3 1 55 0 5 3 0 0 0 0 6 5 0 9 0 10 0 0 1 23 4 0 0 12 16 1 1 0 0 0 0 17 2 1 28 0 2 14 0 0 0 0 0 2 2 0 17 194673 16 52 0 2 0 0 0 9 0 0
29 GTC 0 0 0 2 0 1 1 0 0 0 0 0 0 67 0 6 0 0 0 0 0 1 0 0 2 1 1 1 0 2 0 2 0 2 0 0 5 7 0 0 0 0 0 1 19 195174 0 36 4 0 4 0 1 1 0 0 0 0 0 0 6 2 1 0
30 GGG 0 0 1 0 0 0 1 0 0 0 21 0 0 0 0 0 0 0 1 1 0 0 5 1 0 0 6 0 0 3 5 1 2 1 12 1 2 3 2 1 61 17 192897 29 0 0 14 0 0 1 1 0 0 0 0 0 5 3 19 0 0 0 0 0
31 AAG 27 3 188332 4 0 1 3 0 0 0 16 1 0 0 1 0 0 2 1 4 3 6 1 5 0 2 0 34 1 0 3 2 1 0 11 0 0 2 0 1 0 1 0 1 0 1 0 2 1 1 0 0 2 0 1 1 1 0 0 0 1 0 0 0
32 ATG 0 0 2 1 0 0 7 1 0 2 1 2 11 0 195124 26 0 5 1 0 0 9 3 0 0 1 0 2 0 0 0 2 1 0 0 25 0 1 1 0 2 0 6 0 1 1 11 0 2 0 5 0 0 1 0 0 0 0 2 1 0 0 4 0
33 ATT 0 1 0 3 0 1 0 7 0 0 1 4 8 29 4 195253 0 0 0 0 0 0 0 2 1 0 0 0 0 0 1 4 4 1 0 0 0 0 1 1 0 2 0 0 5 10 0 22 2 0 2 4 0 0 0 0 3 2 0 3 1 3 0 3
34 GAT 1 21 6 35 3 15 18 3 3 4 23 9 3 5 9 21 4 1 0 5 0 0 0 0 3 1 4 9 3 0 1 23 8 7 13 194682 4 2 7 31 17 3 17 34 24 0 0 1 14 0 1 51 4 2 5 2 0 2 0 1 1 1 0 2
35 GGA 0 1 0 0 1 3 0 2 13 2 0 0 0 4 0 0 1 2 0 1 1 2 0 1 2 0 1 0 1 3 2 0 8 0 4 0 2 2 3 0 195155 11 24 10 12 0 1 0 0 3 0 0 3 2 1 2 21 0 3 2 0 6 0 3
36 ATT 0 0 0 6 0 0 0 7 0 0 0 0 1 6 1 195202 1 2 0 0 0 0 0 0 1 0 0 4 2 0 0 2 0 1 0 0 1 1 5 0 3 1 0 0 0 0 9 4 1 0 1 0 0 0 0 0 0 0 1 0 0 1 9 1
37 GGA 5 2 0 0 0 1 0 0 7 0 0 0 0 1 0 5 0 0 0 1 0 2 0 0 0 2 0 0 0 0 0 0 13 0 0 0 1 6 0 0 195221 10 79 5 2 0 0 0 0 3 1 0 0 1 0 0 17 0 2 2 0 0 0 0
38 CGA 0 0 1 0 0 1 0 1 7 0 0 0 0 3 0 1 25 5 0 0 2 8 2 4 193745 2 21 1 21 0 0 0 1 2 0 0 0 7 0 0 0 1 0 0 0 0 0 0 1 0 0 0 0 1 0 4 34 0 0 0 0 2 0 0
39 TTC 1 2 4 0 0 2 0 1 0 1 2 0 0 1 2 0 0 2 1 0 2 4 1 0 0 0 1 0 1 12 1 0 0 0 1 0 1 0 4 0 0 1 1 0 0 0 0 0 0 13 7 0 0 9 0 2 4 8 4 0 9 194747 2 6
40 TAC 0 2 0 0 2 1 0 4 1 0 0 1 0 0 1 0 0 30 0 0 0 0 0 1 2 4 0 1 1 0 1 0 1 1 2 0 1 0 1 0 0 1 1 0 2 2 0 0 5 195084 0 23 1 2 0 1 2 50 1 0 2 2 1 1
41 ATC 2 8 2 22 9 23 4 5 2 10 5 0 22 194585 11 9 3 1 8 0 0 5 6 0 4 0 9 0 11 10 22 2 0 0 2 1 0 0 19 0 0 1 7 0 0 2 0 1 3 3 172 0 7 2 1 2 1 25 2 0 0 0 161 0
42 CAA 19 0 2 0 0 4 1 1 0 0 1 0 4 0 0 0 176654 0 6 0 4 1 0 1 8 1 0 1 0 0 0 0 0 7 0 0 2 1 0 0 1 0 0 0 0 0 0 0 7 0 0 0 0 3 0 0 0 0 2 0 0 1 0 2
43 ATG 2 1 3 0 0 0 4 0 1 1 12 0 4 1 181813 4 0 2 0 1 1 2 0 0 0 0 0 0 1 0 1 1 1 1 0 4 0 1 2 0 0 0 1 0 0 0 3 0 0 0 0 0 0 1 0 1 0 0 0 0 0 2 2 5
44 TGC 0 0 0 0 4 0 3 0 1 0 0 0 0 1 0 5 0 14 1 0 34 0 0 0 3 4 1 0 1 0 0 0 0 0 0 0 4 8 24 0 0 5 0 0 0 1 7 0 1 28 0 0 2 0 0 1 4 162721 1 109 0 2 2 0
45 ACT 0 0 0 2 103 23 59 171298 1 0 0 0 2 0 0 7 3 5 1 1 0 0 0 1 8 2 0 2 1 0 0 0 0 0 0 7 2 2 1 6 1 1 2 2 0 0 1 0 1 0 3 0 0 0 0 2 1 1 1 0 2 0 2 0
46 GAA 5 0 0 2 3 4 3 0 2 2 0 0 0 0 3 0 1 0 0 0 0 1 0 2 0 0 1 0 1 0 0 1 188438 2 12 2 2 0 0 0 14 0 0 0 1 2 1 0 21 1 9 1 1 1 2 0 3 0 0 2 0 0 4 0
47 CTT 0 0 0 0 0 0 3 0 0 0 0 0 0 2 3 1 0 0 1 0 0 0 0 5 0 1 0 2 7 58 2 191467 0 0 0 0 0 2 3 0 0 0 0 0 0 0 0 2 0 0 0 0 0 0 1 0 1 0 0 0 0 0 0 7
48 AAA 189642 0 31 0 1 0 0 0 12 0 2 0 1 0 0 0 10 0 1 1 0 3 0 0 0 0 21 0 0 0 0 0 6 0 1 0 6 0 1 0 2 0 0 1 0 2 1 0 1 0 0 0 3 0 0 3 0 4 0 0 10 0 0 0
49 CTC 7 1 0 1 4 0 0 7 3 5 1 7 2 6 0 3 12 4 2 2 5 34 6 5 4 27 3 3 71 183050 42 56 0 0 3 0 7 9 1 6 0 3 2 0 11 1 1 1 10 5 5 1 1 3 6 4 13 1 7 2 19 6 23 2
50 AGT 5 8 3 4 17 140 45 10 5 37 14 185802 0 0 1 5 4 6 4 2 14 20 15 29 4 9 19 12 3 2 3 1 1 12 13 4 4 5 116 0 9 19 91 53 0 0 1 2 2 2 2 0 5 70 62 49 2 3 0 12 0 3 0 0
51 GAT 0 37 1 24 10 3 20 4 0 5 0 4 2 7 2 0 13 0 2 8 5 12 3 14 0 0 0 0 1 0 0 8 13 5 7 184428 3 1 1 17 0 0 2 21 0 1 7 0 4 2 1 24 0 5 1 11 4 3 3 0 7 0 3 0
52 TAT 1 1 3 3 1 23 1 1 1 2 0 0 1 17 11 4 0 8 0 17 0 0 1 2 0 1 1 0 2 0 0 1 0 0 2 0 2 2 1 7 4 3 2 1 7 41 5 2 5 28 3 186532 0 0 1 3 0 2 0 12 4 1 0 4
53 GAG 0 0 12 0 0 4 0 0 0 1 6 0 0 0 1 0 0 4 2 0 8 7 0 0 0 2 1 0 2 4 0 0 22 1 175276 35 0 0 3 0 1 1 32 1 0 0 4 0 0 0 17 0 3 2 0 2 1 3 3 1 0 0 3 0
54 GGG 1 0 1 1 9 1 1 0 0 2 17 1 1 0 0 0 0 0 3 0 1 0 1 2 1 2 5 0 0 1 0 2 0 2 28 3 11 16 65 8 31 19 166822 29 0 0 5 1 0 1 0 1 9 2 2 1 2 1 9 1 0 0 1 0
55 CGA 2 0 0 1 0 5 0 1 8 1 1 0 2 0 0 1 28 9 0 2 0 12 1 2 178648 5 18 3 27 1 1 5 0 0 0 3 2 2 1 0 5 2 0 0 1 1 2 0 6 2 1 0 0 3 0 1 62 2 0 1 1 0 0 3
56 CTG 0 5 1 0 3 6 9 2 7 1 14 0 0 1 4 1 1 10 3 2 3 20 16 4 0 2 4 1 42 27 186541 31 0 2 0 0 2 8 0 0 4 0 3 0 2 2 1 2 0 3 1 0 1 0 2 2 5 1 0 9 33 0 50 1
57 ATC 0 2 0 1 0 5 2 0 9 1 1 0 32 194978 0 19 1 7 1 4 4 3 3 1 1 2 3 1 7 25 1 4 0 2 2 1 1 0 2 1 1 3 6 9 1 16 2 0 2 3 1 3 0 3 0 0 7 0 0 0 0 3 9 1
58 CAG 1 2 16 2 0 0 1 6 0 3 4 0 0 1 1 1 78 2 194862 17 0 7 7 3 0 7 17 4 0 0 4 0 0 1 4 0 0 0 2 1 0 2 5 3 0 3 5 1 1 0 25 1 3 4 2 1 4 1 2 1 2 1 0 1
59 AAC 3 195078 3 66 2 7 1 2 3 9 6 1 2 0 3 0 1 4 0 0 1 1 4 1 5 3 3 1 2 5 1 15 0 8 3 2 2 2 0 2 1 2 0 1 5 2 1 0 5 0 3 1 0 0 0 1 12 0 1 0 6 1 8 3
60 AGC 1 22 0 0 0 5 0 3 4 195189 1 10 0 5 1 0 3 1 1 0 0 2 0 0 0 3 0 3 0 0 0 1 1 0 0 0 0 1 0 0 0 11 1 0 4 0 0 0 5 3 7 5 2 1 0 14 4 4 3 1 1 3 1 1
61 TTA 1 1 1 2 3 2 0 0 5 1 5 2 13 0 1 1 0 0 0 0 2 0 0 0 0 9 0 0 12 3 8 8 1 0 0 0 0 1 0 1 1 0 3 1 7 5 21 4 2 2 1 1 14 1 0 0 11 2 0 0 194734 2 15 4
62 ACA 13 6 0 2 194969 20 29 61 1 8 0 15 16 0 3 4 1 4 2 0 7 14 4 13 0 2 0 0 2 2 4 2 1 3 0 1 20 8 0 0 1 0 1 3 1 12 1 1 5 2 0 1 3 35 24 8 4 0 1 0 0 7 0 1
63 ATA 0 0 0 0 7 1 0 0 0 0 0 4 194739 2 28 77 0 0 1 0 2 4 0 2 1 0 4 1 3 0 3 6 2 64 0 0 0 1 1 2 7 0 0 0 12 0 2 0 3 1 3 0 6 0 1 1 1 2 0 3 1 0 0 1
64 GAG 2 3 4 3 2 2 0 4 0 0 0 0 3 1 1 1 2 4 1 5 6 9 5 1 1 7 0 1 2 1 1 8 141 4 194946 12 0 2 3 2 1 5 22 0 2 1 4 1 2 5 11 1 8 0 1 3 0 1 7 1 1 1 3 3
65 AGA 17 2 4 3 2 3 1 0 194922 3 22 0 8 0 0 0 2 1 0 0 3 5 1 2 2 4 0 2 1 1 0 0 0 0 0 1 1 1 0 0 14 0 0 0 0 0 0 0 1 0 0 0 3 0 0 1 2 0 1 1 0 0 0 0
66 ATG 0 0 2 0 4 0 5 0 0 0 1 0 4 3 195019 9 0 0 0 0 0 3 0 0 0 0 0 0 0 0 2 0 0 0 1 0 0 0 0 0 0 0 0 0 0 0 11 0 0 0 0 0 0 0 0 0 0 0 0 0 0 0 1 0
67 GTG 0 0 0 0 0 0 0 0 0 0 0 0 0 0 12 0 0 0 0 0 3 0 10 0 0 0 0 0 0 0 0 0 0 8 0 0 0 1 5 0 0 0 3 0 86 0 195192 16 0 0 1 0 0 0 0 0 0 0 1 0 0 0 1 0
68 CTC 1 2 0 0 1 0 0 4 0 2 4 1 10 6 1 0 3 0 0 1 2 9 3 6 0 2 1 0 27 195063 6 18 1 3 0 0 1 4 2 0 0 0 1 1 1 0 3 5 0 2 10 0 1 1 0 0 8 0 1 0 1 20 0 1
69 TCT 0 0 1 2 0 2 0 11 0 1 0 0 1 1 0 0 2 1 0 0 1 1 2 17 0 0 0 0 1 6 0 0 0 0 0 0 1 3 2 0 8 4 1 1 0 0 1 0 2 0 4 13 22 55 9 195299 4 1 0 1 0 1 0 3
70 GCT 0 4 6 1 1 3 1 73 0 3 0 0 2 1 2 2 1 9 0 3 0 0 3 1 0 2 1 0 1 2 0 0 1 0 0 7 3 34 19 195064 0 1 0 2 0 2 4 10 2 4 4 0 1 0 1 14 1 0 2 2 0 0 0 1
71 TTT 0 0 0 1 1 0 1 0 0 0 0 0 1 1 0 2 0 2 0 0 0 0 1 0 0 2 4 0 3 0 0 11 0 2 1 0 1 0 1 0 0 2 0 0 2 0 1 1 1 6 0 2 0 0 1 14 0 0 13 0 2 8 2 195331
72 GAC 2 9 1 0 0 0 0 2 2 2 0 0 0 0 0 0 1 1 0 0 0 2 1 0 0 0 0 0 1 0 1 6 6 195222 2 115 0 1 0 3 0 27 0 0 0 2 0 0 2 18 2 0 0 5 0 0 0 0 1 0 3 4 1 1
73 GAA 62 0 1 1 22 0 8 0 0 0 19 0 3 10 0 1 39 0 0 1 0 3 0 1 3 11 1 0 1 13 0 2 195052 5 20 1 1 6 0 1 14 0 6 9 1 0 2 0 22 4 0 33 8 11 12 9 0 0 0 5 38 0 10 2
74 AGA 30 22 1 0 1 0 0 2 195212 0 43 0 8 1 0 1 0 1 0 7 0 1 0 0 4 4 2 10 0 1 2 0 0 0 0 0 0 1 7 0 20 0 0 0 3 0 0 0 1 0 0 0 0 5 0 0 1 0 0 0 0 0 0 0
75 AGG 4 0 13 0 0 1 0 1 10 0 195175 2 0 0 8 0 0 1 0 0 1 0 0 1 3 3 14 0 0 0 0 0 0 0 0 0 6 1 0 0 0 0 18 0 0 0 1 0 4 0 1 0 0 0 1 0 2 0 0 0 1 0 0 0
76 AAT 9 28 2 195213 0 0 0 1 2 0 1 5 1 0 0 0 0 0 3 2 0 0 0 0 0 1 0 1 0 2 0 0 0 1 2 6 1 0 2 0 0 0 2 1 0 0 0 1 2 1 8 0 0 0 2 0 1 0 2 1 2 0 4 0
77 AAA 195231 5 21 1 2 1 0 1 19 1 0 0 0 0 8 8 2 6 1 0 0 0 0 0 104 10 0 0 0 1 1 1 11 1 0 1 3 3 6 1 4 1 0 1 0 5 2 25 5 0 2 1 1 4 8 1 7 1 1 1 7 0 0 0
78 TAT 2 0 9 1 2 0 0 0 1 2 0 1 2 0 0 0 0 0 0 13 1 1 0 0 1 0 0 0 0 2 0 0 0 5 0 0 0 0 0 0 1 1 0 0 1 0 1 4 6 23 2 195413 0 0 0 1 1 0 12 19 0 9 0 0
79 CTG 1 1 1 0 0 8 3 1 0 3 0 2 1 5 8 3 1 0 3 0 0 0 25 0 0 1 10 3 37 87 195245 15 1 1 1 0 0 1 0 2 1 0 4 0 2 1 3 4 6 0 0 1 1 0 0 0 0 0 0 2 7 0 8 0
80 GAA 14 4 4 0 13 10 23 13 5 25 3 24 9 1 2 37 3 7 2 14 0 1 1 0 1 1 3 3 0 3 2 8 194715 39 23 2 8 7 5 2 11 3 0 3 21 1 5 9 6 1 6 8 33 13 9 3 7 15 5 1 2 2 6 10
81 GAA 29 29 3 1 2 1 2 6 25 0 2 1 7 9 10 2 10 25 9 17 2 2 0 1 1 8 2 0 9 0 5 6 194828 8 35 1 3 16 0 0 142 0 2 3 7 6 2 11 12 4 11 0 2 3 2 7 4 5 4 15 29 11 12 2
82 CAT 13 7 2 26 4 0 0 7 5 0 36 1 7 1 24 2 16 17 23 194935 2 0 0 0 60 3 5 90 1 7 3 2 1 0 5 3 21 1 2 1 2 2 1 0 2 1 3 0 2 12 6 32 40 1 0 0 3 1 0 4 9 0 1 7
83 CCC 5 7 6 4 24 24 15 3 5 1 3 5 2 20 12 1 5 37 3 9 55 193996 16 55 2 7 22 4 1 4 5 2 6 0 4 7 14 4 19 6 5 42 9 6 6 3 6 0 0 5 6 0 3 5 10 1 1 14 2 9 1 3 0 6
84 AGC 10 28 19 26 2 3 0 2 13 193035 13 97 0 56 5 1 14 0 3 2 0 5 0 0 2 8 0 4 0 29 5 0 0 0 1 0 3 15 112 13 9 50 5 18 1 9 4 50 1 3 6 8 0 1 0 1 8 12 5 1 6 3 0 0
85 GCG 11 11 4 14 0 0 47 2 0 0 2 0 0 2 2 8 2 1 1 1 12 55 5 1 0 3 2 3 0 4 0 6 0 0 15 1 73 11 168289 28 44 20 10 9 1 19 52 3 7 7 2 3 1 11 20 4 1 0 5 10 0 1 1 6
86 GGG 9 3 1 1 7 6 3 8 0 1 6 0 0 7 6 0 3 69 1 2 0 3 0 3 12 7 2 2 0 4 2 7 8 2 31 0 1 16 21 1 14 4 167643 21 1 3 5 1 7 1 3 27 19 2 6 2 1 0 22 0 0 14 8 20
87 AAG 51 4 170605 25 5 1 4 0 2 1 22 1 0 0 1 0 1 0 0 0 2 1 2 0 1 0 4 0 0 0 0 0 0 0 37 0 0 0 1 0 1 0 4 0 0 0 2 1 4 0 3 5 4 0 0 1 6 2 0 0 1 0 0 0
88 GAT 0 115 0 174 1 1 0 0 0 0 3 2 1 0 1 2 6 2 0 3 2 0 0 1 2 0 3 1 6 0 1 1 4 23 7 169976 0 1 0 1 5 0 2 12 4 1 0 3 2 0 1 8 1 0 0 1 2 36 2 3 0 0 0 0
89 CCT 11 1 1 6 1 7 3 14 1 7 8 13 0 5 8 4 6 14 1 28 81 67 28 170025 8 0 7 0 2 5 1 6 1 2 0 1 40 37 2 26 26 23 7 18 3 4 3 1 15 3 35 1 17 15 10 21 18 19 23 25 2 13 6 9
90 AAG 13 16 170150 14 7 2 65 27 4 11 23 4 2 0 12 3 16 16 8 3 0 0 0 0 11 16 22 16 2 11 11 1 1 0 18 1 6 13 2 2 14 16 35 20 6 1 3 3 3 1 3 5 1 3 2 4 0 3 2 6 1 1 3 1
91 AAA 171094 0 17 0 2 0 1 0 9 0 12 0 1 0 0 2 2 0 0 1 1 1 0 0 8 1 13 1 0 0 3 0 5 0 0 1 1 0 1 0 1 2 0 0 0 0 0 0 4 1 1 0 0 0 0 2 11 0 0 0 1 0 1 0
92 ACT 0 1 0 3 2 24 8 170745 0 2 0 0 0 0 1 7 0 0 5 1 1 1 1 5 0 0 0 0 1 3 3 0 0 1 0 0 0 1 0 11 0 0 0 0 1 2 0 1 2 0 0 0 2 1 0 1 0 0 0 0 0 1 0 0
93 GGA 2 1 0 0 0 1 0 0 11 1 0 2 0 1 1 1 3 0 0 0 0 3 1 2 0 1 1 0 0 1 0 2 5 0 0 0 3 4 0 0 170644 19 57 8 1 2 1 0 0 0 0 0 0 8 0 0 11 1 0 0 0 0 0 0
94 GGA 0 0 0 0 0 0 1 0 15 1 0 0 1 0 0 0 0 1 0 0 1 1 0 0 0 0 5 2 0 0 0 0 9 0 0 1 2 1 1 0 170508 2 20 2 11 0 0 0 0 0 0 0 1 2 0 0 32 0 0 0 0 0 2 0
95 CCC 0 0 0 0 4 3 0 0 0 3 0 0 0 4 0 0 1 14 0 0 11 170699 5 8 0 0 1 1 0 3 0 0 0 0 0 0 0 5 2 0 0 0 3 0 0 1 0 0 1 2 0 0 0 10 0 0 1 0 0 0 0 0 0 0
96 ATA 1 0 0 0 9 3 6 1 1 0 0 0 171239 7 4 1 0 0 0 0 0 0 0 2 4 3 0 0 3 1 4 0 0 0 1 0 0 2 0 0 0 0 0 0 21 0 9 0 2 0 0 0 4 0 0 1 2 0 0 0 1 0 0 1
97 TAC 1 3 0 2 0 1 1 2 0 0 0 1 1 1 2 0 0 13 1 0 0 0 0 1 2 0 2 1 3 0 3 0 0 4 1 2 1 0 1 1 2 0 1 2 0 0 1 0 9 171293 1 22 1 0 0 1 1 10 0 0 0 12 1 0
98 AAG 33 1 170653 7 0 1 4 0 6 2 34 0 0 0 11 5 4 14 3 0 4 6 5 1 2 15 8 1 1 4 1 0 0 1 20 1 1 3 1 0 0 1 1 0 0 0 0 0 0 0 3 0 0 0 0 1 0 0 1 0 1 1 1 2
99 AGA 23 0 2 1 0 0 0 0 170671 0 13 0 3 0 1 0 0 1 0 0 0 0 1 0 2 50 0 0 1 1 0 0 1 2 0 0 0 0 0 0 8 0 1 2 1 5 1 3 3 3 4 0 1 0 0 0 3 0 0 0 2 0 0 0
100 GTA 1 1 10 2 4 5 8 1 23 11 3 3 45 2 0 3 4 17 0 3 8 21 3 21 0 22 35 41 4 6 7 0 2 0 21 0 14 29 0 3 4 33 6 9 170029 8 38 5 3 9 0 2 4 38 0 41 0 16 6 2 22 8 0 5
101 GAT 0 0 0 16 8 2 2 7 0 0 7 7 1 7 2 1 0 1 1 4 1 7 3 10 1 2 6 2 0 1 0 1 4 46 23 170690 0 3 6 18 1 2 9 23 4 0 0 3 1 0 2 7 0 8 17 1 0 3 0 0 1 0 1 3
102 AGA 21 1 0 2 1 11 3 1 170940 1 19 2 7 0 0 0 0 2 0 2 1 4 0 3 3 3 3 7 0 1 1 1 0 0 0 0 0 1 2 0 16 0 9 0 2 2 3 0 0 2 1 8 2 1 1 5 3 1 5 2 10 4 0 0
103 AAG 83 2 170598 4 1 0 4 1 0 0 35 0 0 0 0 0 0 12 1 1 0 3 0 1 2 1 0 0 0 2 2 0 0 0 6 0 0 0 10 0 4 5 0 0 0 0 7 1 2 0 0 1 0 4 0 0 0 0 0 2 0 0 0 0
104 TGG 0 2 1 0 1 3 0 0 0 2 0 0 0 1 0 2 1 2 2 0 2 1 3 1 0 1 0 6 0 1 0 1 0 0 0 0 0 0 1 0 1 0 1 0 2 1 1 0 9 2 21 2 0 3 2 0 10 0 171070 10 0 2 19 1
105 ATG 0 3 1 1 2 20 2 0 0 1 7 0 35 2 170650 8 0 1 3 3 0 3 0 1 3 0 10 0 25 1 9 9 1 0 16 1 0 1 4 3 6 0 3 9 0 4 43 1 0 5 0 0 11 0 1 0 0 2 0 7 0 2 13 5
106 AGG 0 0 7 0 0 1 1 0 26 2 171092 2 1 0 25 0 1 5 0 1 1 1 1 0 2 3 22 11 0 0 0 0 0 0 0 0 0 3 1 0 0 0 33 0 0 0 0 0 1 0 0 0 2 3 2 0 1 0 4 0 0 3 0 0
107 GAA 31 2 1 0 0 1 0 0 0 1 0 1 0 0 0 0 0 4 1 0 8 1 0 3 2 0 1 1 0 0 0 0 171049 3 11 1 1 0 0 0 8 0 0 0 0 0 1 0 6 0 2 0 2 9 0 4 2 0 1 0 1 0 0 2
108 CTC 1 0 0 0 0 4 17 1 0 0 5 4 5 5 0 0 0 1 3 2 1 19 12 2 1 2 2 0 17 171054 1 3 0 0 0 1 0 0 4 12 0 0 0 0 0 12 0 1 0 0 0 0 0 0 0 1 0 8 2 1 0 7 9 0
109 GTC 4 0 0 0 0 0 0 4 0 0 0 0 0 44 0 0 0 3 4 1 0 4 0 0 1 0 1 0 0 1 0 0 2 1 0 0 1 17 4 0 1 1 0 0 13 170864 3 6 0 3 0 0 0 0 0 1 5 1 0 0 0 5 16 0
110 CTT 0 1 2 0 0 0 0 0 0 2 1 1 0 0 0 29 1 0 0 1 0 8 2 10 0 1 3 0 0 15 0 170915 1 0 0 0 0 1 0 1 0 0 0 0 2 4 0 0 1 0 1 0 0 0 0 0 0 0 0 0 0 0 0 2
111 TAT 0 2 3 1 3 1 2 0 0 2 0 9 0 15 3 0 9 0 0 23 0 2 0 0 0 0 0 0 0 1 2 36 0 0 0 1 0 0 0 1 0 0 0 0 3 1 0 0 1 12 2 171049 0 0 0 3 10 0 6 15 8 1 2 5
112 GAC 0 41 1 0 0 0 1 0 0 0 1 1 1 0 0 2 1 2 1 6 0 8 6 9 2 2 2 0 1 0 0 1 9 171088 3 13 2 4 2 0 3 18 0 1 0 1 3 0 1 21 1 1 2 3 5 0 1 0 2 1 0 1 1 1
113 AAA 171252 0 29 1 0 0 3 4 11 0 4 0 0 0 1 0 2 6 0 0 0 0 0 2 1 1 0 1 0 0 1 6 3 0 1 1 0 0 0 0 0 0 1 0 0 0 0 1 5 0 3 1 1 2 0 0 0 0 3 0 1 0 1 0
114 GAA 18 6 0 2 0 0 0 0 0 0 1 0 0 1 3 0 5 1 9 0 3 5 0 0 0 0 0 1 1 3 1 0 171144 4 10 1 9 2 1 0 7 0 0 2 5 0 0 2 4 4 0 3 0 9 4 6 1 0 0 7 3 0 0 3
115 GAA 16 7 0 0 0 1 0 0 0 0 0 0 0 0 0 0 5 1 1 0 1 0 0 0 0 0 0 0 2 0 0 1 171082 1 9 0 2 0 0 0 9 1 0 0 1 0 0 2 8 0 0 0 0 0 4 0 0 0 0 0 1 0 0 0
116 ATA 1 0 0 0 6 0 0 1 0 0 1 0 171420 30 24 3 0 1 0 1 1 1 0 1 0 0 0 0 21 0 1 2 1 1 1 0 5 1 0 0 0 1 1 5 12 1 1 2 7 0 1 0 0 1 0 2 0 0 0 0 1 3 0 0
117 AGG 1 1 15 0 0 0 0 0 44 1 170450 2 0 0 21 3 5 2 0 0 0 2 4 1 2 2 9 16 0 0 0 0 4 0 2 0 3 0 0 6 1 2 34 3 0 1 2 0 2 0 4 1 0 1 0 3 1 0 2 3 4 1 1 0
118 CGA 2 0 0 0 0 0 2 0 10 0 0 0 0 0 0 2 10 1 0 4 0 5 0 3 170039 3 18 1 15 3 2 1 0 0 0 0 1 0 5 0 2 0 1 1 0 0 0 0 5 0 0 0 0 1 1 0 13 1 0 1 1 0 2 0
119 ATC 1 0 0 0 0 8 0 0 2 1 0 2 18 169301 1 5 0 0 0 0 0 0 1 0 0 0 0 4 0 0 0 1 0 0 1 0 2 0 0 0 0 0 0 2 0 22 0 7 0 1 0 0 0 0 0 0 3 0 3 0 1 0 0 0
120 TGG 0 0 0 0 0 0 1 0 0 1 6 1 0 0 0 0 3 1 0 0 0 0 0 0 0 0 16 0 0 0 0 0 0 0 1 0 0 0 1 0 0 1 5 0 2 0 1 1 0 0 8 0 0 1 2 0 15 0 170756 3 1 1 5 0
121 CGC 1 0 5 0 1 2 0 1 1 6 68 6 3 0 6 0 1 46 2 0 0 4 2 1 16 169775 16 29 0 7 0 0 3 0 0 3 4 2 6 1 2 6 1 0 0 1 2 2 0 1 0 0 0 0 2 2 0 21 3 0 8 7 2 4
122 CAA 11 2 1 1 1 1 3 1 1 3 16 0 9 0 1 0 168646 10 19 12 1 1 1 2 24 10 7 9 1 2 7 0 2 0 0 2 0 0 1 3 4 4 10 6 52 1 22 2 2 1 1 0 0 5 5 0 3 0 3 7 0 2 11 1
123 GCC 0 0 0 2 0 35 0 3 0 0 0 1 0 0 0 0 0 0 0 0 0 2 2 0 0 1 2 0 2 0 0 0 4 5 1 0 6 170560 0 2 1 2 0 11 3 21 1 0 0 1 1 0 0 32 0 0 2 1 0 0 0 0 0 0
124 AAT 0 8 0 144828 0 0 0 0 0 1 0 3 0 0 1 2 1 3 0 1 2 0 0 1 0 0 4 0 0 0 0 1 0 0 0 4 0 0 0 0 0 0 0 1 0 0 0 0 0 0 3 0 1 1 0 1 3 0 0 0 0 0 0 2
125 AAT 0 4 2 125049 1 2 0 3 0 0 3 11 0 1 9 0 2 1 3 8 2 0 0 2 4 2 5 6 1 1 0 0 6 1 0 4 0 0 1 1 0 0 0 3 0 1 1 0 1 3 0 4 3 0 0 9 0 2 2 2 9 0 0 0
126 GGT 7 1 8 4 1 0 1 0 1 12 3 8 0 0 1 0 0 4 1 1 0 1 2 0 2 1 3 0 1 0 0 3 0 0 3 11 0 5 2 0 1 11 17 147640 5 0 0 1 0 0 0 1 1 1 4 4 0 2 1 5 0 1 2 0
127 GAT 35 7 0 17 17 14 4 2 5 0 8 3 21 3 0 2 4 3 1 8 0 0 2 1 1 9 0 1 14 4 4 0 6 4 18 137143 10 1 22 5 0 57 24 15 57 2 3 44 1 2 0 3 14 5 4 10 0 10 1 10 0 1 0 0
128 GAT 1 0 1 21 2 6 8 6 39 1 4 22 4 0 1 2 1 0 8 3 1 3 0 4 3 0 3 1 2 0 4 5 11 4 17 153316 10 1 1 4 0 5 34 10 5 1 3 0 1 0 0 25 9 0 2 9 0 2 0 18 34 2 8 1
129 GCA 0 4 2 1 47 4 0 0 1 24 4 2 0 0 8 0 0 1 1 1 8 0 0 0 1 10 0 1 10 1 0 0 10 0 1 0 166366 5 41 4 1 1 39 5 27 2 1 0 4 0 1 0 16 0 6 0 0 4 0 0 1 5 1 7
130 ACA 40 7 0 1 162860 3 23 52 7 0 1 0 6 0 0 0 0 2 2 1 3 3 2 3 7 1 4 2 10 5 20 5 1 3 3 0 9 0 0 9 0 0 1 0 0 1 3 0 6 4 2 0 0 0 0 0 0 1 0 6 0 0 2 0
131 GCT 0 9 1 0 0 0 9 14 0 34 2 0 3 0 0 1 3 5 1 1 1 46 35 78 2 0 1 0 0 0 0 2 0 0 2 3 1 13 4 161604 0 0 1 1 1 3 5 13 2 3 0 1 0 19 0 12 0 0 0 0 0 7 0 1
132 GGT 1 0 0 0 0 2 0 0 0 1 0 11 1 0 1 2 0 1 2 0 3 1 0 0 3 2 0 1 0 0 0 5 0 1 1 3 0 1 0 0 5 27 3 161041 0 0 0 3 0 0 1 0 0 0 0 0 0 0 4 6 1 1 0 1
133 CTG 1 2 1 0 0 1 0 0 1 2 0 0 2 5 15 0 3 0 6 1 2 2 27 0 0 0 0 0 26 10 163729 12 0 0 0 0 2 2 0 0 3 0 0 1 0 0 0 0 0 1 2 0 0 0 1 0 0 0 0 0 0 0 14 0
134 ACT 1 0 1 3 29 40 6 163175 1 21 0 4 1 0 0 5 1 4 0 1 6 1 0 2 0 1 2 0 0 0 0 0 0 2 0 0 0 4 2 16 0 0 4 0 1 1 0 0 2 0 0 0 0 12 0 1 1 6 0 2 1 0 0 0
135 CAC 0 13 2 0 0 1 2 0 1 1 1 3 2 1 0 1 3 161800 4 40 2 3 2 0 0 14 2 4 0 0 0 0 0 1 1 0 0 2 1 1 1 0 0 0 2 1 1 1 4 3 0 0 0 0 0 0 1 1 1 0 1 0 0 0
136 ATG 2 1 5 1 1 7 5 3 2 0 1 1 27 32 162785 38 1 0 0 3 0 1 1 0 1 0 2 0 3 3 20 3 0 0 4 0 1 0 0 1 1 0 1 1 2 10 23 3 0 1 4 0 0 2 0 0 2 0 1 2 3 3 0 1
137 ATG 1 0 1 2 0 0 4 0 0 1 1 0 14 1 152072 28 2 0 0 0 1 5 0 0 1 0 0 0 0 2 0 0 1 1 0 1 0 1 0 0 0 1 0 0 0 0 7 0 0 1 0 0 0 0 0 0 9 0 0 2 0 0 0 0
138 ATC 1 2 0 1 0 7 1 0 1 0 0 1 26 153393 2 14 0 0 1 0 0 0 0 1 0 1 3 0 0 8 0 1 0 0 0 0 0 1 0 0 1 0 2 0 0 3 0 0 0 0 0 0 0 0 0 0 0 1 0 0 0 0 11 0
139 TGG 0 0 0 0 0 0 0 0 0 0 3 0 0 0 0 2 0 0 0 0 0 0 0 0 4 0 24 0 0 1 1 0 0 0 2 0 0 0 0 0 8 0 5 0 0 0 0 0 0 1 12 0 0 0 0 0 29 0 165056 2 0 0 6 0
140 CAT 1 0 0 3 1 1 0 1 0 0 0 0 0 0 0 1 4 3 6 170825 1 3 1 1 0 0 0 6 0 0 1 0 0 0 0 1 0 0 0 0 0 3 0 3 0 0 0 0 3 0 0 23 0 0 3 1 0 0 1 0 0 0 0 0
141 TCC 5 0 0 1 0 1 0 0 0 0 0 0 1 0 0 0 0 2 0 0 1 8 0 0 1 0 1 0 0 0 0 0 0 0 0 0 0 1 0 0 1 0 0 0 0 0 0 0 2 10 2 0 21 171110 1 21 0 1 0 0 0 4 1 0
142 AAT 0 14 5 171306 0 0 0 2 0 0 0 7 0 0 0 1 1 4 0 4 2 0 2 1 0 0 0 0 1 3 0 9 0 0 0 10 1 0 1 0 1 0 0 0 3 0 0 0 0 3 0 0 0 1 0 2 0 0 0 0 0 0 0 1
143 TTG 0 1 0 0 2 1 0 0 0 0 0 1 0 0 2 0 0 2 1 5 2 1 2 0 0 2 0 0 12 2 16 0 4 0 0 0 1 0 0 0 0 0 4 0 0 0 1 0 0 2 4 0 0 0 7 0 0 0 0 0 29 0 170693 8
144 AAT 3 11 2 170975 1 0 0 0 0 0 0 17 0 1 0 0 0 3 2 1 0 0 0 0 1 0 0 0 0 0 9 1 0 0 0 29 0 0 2 2 0 0 0 1 0 0 0 0 3 0 0 0 1 0 0 1 0 0 0 0 0 0 0 1
145 GAT 0 0 0 9 0 0 1 0 1 0 0 0 0 0 0 1 0 0 0 0 0 0 0 0 0 0 0 1 3 0 0 0 0 17 0 170788 0 0 0 0 0 0 0 7 0 0 0 0 0 0 0 6 0 0 0 0 0 0 0 1 0 0 0 1
146 ACA 7 0 0 0 171059 8 26 35 0 15 0 7 12 0 1 0 0 0 0 0 0 4 1 1 0 0 0 2 0 0 0 0 0 0 0 0 129 1 0 15 0 0 1 0 0 1 0 0 0 0 0 0 2 2 0 0 0 0 0 0 0 0 0 0
147 ACA 4 0 0 0 171041 1 4 0 0 0 0 2 5 0 6 0 0 1 1 0 3 0 1 0 0 0 1 0 0 0 0 1 0 0 0 0 17 0 0 0 0 0 0 1 0 0 0 0 0 0 0 0 0 0 0 0 0 0 0 0 0 0 0 0
148 TAC 0 0 0 0 0 0 0 0 0 2 1 0 0 0 1 0 0 8 0 0 1 3 0 0 0 1 0 0 0 0 0 0 0 0 0 0 0 0 0 0 1 0 1 0 0 0 0 0 13 171071 2 12 0 2 0 0 2 10 1 1 0 0 0 0
149 CAG 0 0 5 0 0 0 0 0 0 0 0 2 0 0 0 0 21 0 171138 4 0 2 2 0 0 2 30 0 0 0 2 0 0 0 0 0 0 0 0 0 1 0 0 0 0 0 0 0 0 0 15 4 0 0 0 3 0 1 0 2 1 0 0 0
150 AGG 0 0 15 0 0 1 0 0 13 0 171204 10 0 0 10 0 0 0 1 0 0 1 0 0 0 3 6 0 0 0 0 0 0 1 0 0 0 0 0 0 0 0 15 4 0 0 0 0 0 0 0 0 0 0 0 0 0 0 3 0 0 0 1 0
151 ACA 2 0 2 0 171274 7 26 0 3 0 1 0 0 1 0 0 0 0 0 0 4 8 0 1 0 0 0 0 2 0 1 0 0 0 0 0 12 1 8 0 0 0 0 0 1 1 0 0 2 0 0 0 0 0 0 0 1 0 0 10 0 0 0 1
152 AGA 18 0 2 1 2 2 0 0 170996 0 25 0 4 3 0 1 0 2 2 0 0 0 0 0 10 18 5 10 0 0 0 0 0 0 1 1 0 0 1 0 23 3 0 0 0 0 1 0 0 0 1 0 1 1 0 0 6 0 0 0 0 0 0 0
153 GCT 1 3 2 0 1 4 2 15 1 0 2 0 3 0 0 0 1 4 2 0 1 5 0 1 3 1 0 1 3 1 0 4 0 0 0 5 11 25 22 171116 0 0 0 0 1 2 0 8 0 1 2 0 0 1 6 8 0 1 0 0 2 0 0 0
154 CTT 0 4 0 0 0 0 2 0 0 0 3 3 23 0 4 22 0 0 2 2 0 2 6 6 1 7 1 1 18 51 10 169927 1 0 0 0 1 2 1 1 3 1 2 2 0 3 6 2 4 0 1 4 1 0 0 1 3 0 0 0 6 1 19 3
155 GTT 8 6 1 0 9 5 11 2 1 1 5 4 11 0 0 6 3 1 4 0 1 3 0 0 0 2 1 0 0 5 1 0 0 0 3 1 0 0 0 15 8 0 3 1 39 7 19 169984 3 1 8 1 0 2 2 2 6 8 0 1 1 0 1 3
156 CGC 1 0 5 1 1 1 0 0 0 25 27 1 0 0 0 0 0 57 2 0 0 6 0 0 28 168391 51 33 1 4 3 1 1 0 0 0 0 0 5 3 4 1 3 0 0 1 1 0 0 0 5 0 3 0 2 0 3 22 0 0 0 2 0 0
157 ACC 0 8 2 0 70 168943 30 82 0 31 0 22 5 56 3 23 2 7 0 7 0 5 1 2 0 0 1 1 1 5 0 6 1 0 0 0 146 20 11 0 0 0 0 2 44 4 13 6 4 0 1 3 10 10 22 5 1 0 0 10 1 0 1 0
158 GGC 0 1 0 0 0 2 1 3 0 41 5 3 2 0 1 0 8 9 2 0 0 1 0 3 0 4 0 0 2 0 2 9 0 57 0 4 2 0 0 0 89 170957 12 12 2 7 1 1 2 1 6 0 0 6 6 1 10 10 0 2 2 2 1 4
159 ATG 0 4 4 0 2 5 9 0 2 1 4 3 8 2 171017 21 0 1 1 1 1 4 0 1 1 0 1 2 16 2 5 0 1 1 0 0 0 1 2 1 0 4 2 5 0 2 7 0 4 0 6 2 2 2 1 0 3 0 0 0 5 2 33 0
160 GAT 2 8 0 12 0 2 0 5 0 0 0 0 0 0 0 1 0 3 1 0 1 0 0 0 0 0 1 0 0 2 3 2 7 18 0 171139 0 0 0 2 0 3 5 10 4 0 0 5 12 3 0 1 0 0 0 0 9 7 0 0 2 1 3 2
161 CCC 1 2 3 0 4 5 5 0 5 12 2 131 2 0 1 0 2 6 0 1 15 170943 17 68 10 45 7 4 2 11 0 2 0 0 0 0 12 5 0 14 4 0 19 3 2 1 4 0 2 0 0 0 0 12 0 0 4 3 3 1 0 0 2 1
162 AGG 11 1 5 2 0 1 0 0 33 0 170896 9 1 1 16 0 0 13 2 1 2 0 2 0 3 0 37 32 0 0 3 0 1 0 0 0 2 0 0 5 0 0 41 0 1 4 1 6 3 0 2 0 1 0 0 1 3 0 4 3 3 1 5 1
163 ATG 0 0 1 3 2 1 6 5 0 0 2 0 24 1 171305 2 0 0 1 0 0 0 0 0 0 0 0 1 0 0 4 0 2 0 0 2 0 0 1 1 1 1 3 1 1 7 10 2 0 2 2 4 0 0 2 0 3 7 0 6 0 0 5 0
164 TGC 1 3 0 1 1 1 1 3 0 27 6 0 0 3 1 12 0 2 1 0 0 1 0 0 1 6 0 0 0 0 0 0 0 0 0 0 5 21 0 0 2 0 0 0 1 10 48 0 0 61 3 0 0 3 0 0 6 170943 8 37 0 6 0 0
165 TCT 0 5 1 0 3 1 8 58 0 1 0 31 0 0 1 0 0 0 0 0 4 1 1 23 0 0 0 1 0 0 0 0 0 1 1 0 18 5 2 14 1 1 5 1 0 1 0 2 4 0 0 7 2 22 91 171107 3 2 5 4 1 0 0 4
166 CTG 1 0 0 1 1 0 5 1 0 0 3 7 11 2 12 5 3 0 3 0 0 0 27 0 0 0 4 0 19 5 171166 7 0 0 0 1 0 0 0 0 1 0 1 1 5 0 2 0 7 0 0 0 0 0 0 0 3 0 2 3 8 0 8 0
167 ATG 1 0 1 0 0 0 3 1 0 1 0 2 55 4 171166 3 0 1 1 2 2 0 0 0 0 0 1 0 2 6 6 0 0 4 0 1 0 1 1 0 1 1 0 0 3 0 7 0 0 0 2 1 1 1 0 0 0 3 3 0 1 2 29 1
168 CAG 3 1 4 0 2 0 0 0 1 0 0 0 1 0 5 0 25 0 123846 10 0 5 4 0 0 0 18 0 0 0 0 2 0 0 3 0 7 1 2 0 1 0 0 0 0 0 1 1 2 2 28 0 0 1 0 0 4 0 1 1 1 1 0 0
169 GGT 1 4 1 1 2 0 2 0 0 1 0 7 0 0 0 0 3 0 0 0 0 2 0 1 1 0 0 0 1 0 0 0 2 0 0 7 0 0 0 1 3 5 39 122688 0 3 0 5 1 0 4 0 3 2 0 0 6 0 0 7 1 0 0 0
170 TCG 0 0 0 1 0 0 1 0 0 1 0 1 0 1 0 0 0 0 0 0 1 0 8 1 3 0 2 0 0 0 1 0 2 0 1 0 0 0 0 1 0 0 3 0 1 0 0 0 0 2 6 0 43 5 123249 17 0 0 1 0 0 0 7 1
171 ACT 0 0 0 1 16 17 4 123441 0 0 1 1 0 0 6 1 0 0 2 0 0 1 0 1 0 0 0 0 1 5 0 0 0 0 0 0 0 1 0 5 1 2 0 0 0 0 1 0 1 0 0 0 1 0 0 0 1 0 0 7 2 0 0 0
172 CTC 0 0 0 0 2 4 0 1 0 0 0 0 1 13 0 0 1 3 0 0 0 14 0 0 0 0 0 1 13 123851 1 13 0 0 0 7 1 0 1 0 1 0 0 1 1 5 0 1 0 1 3 1 0 0 1 0 1 0 2 0 27 5 9 0
173 CCT 4 2 1 0 0 1 4 8 0 4 1 0 0 1 2 2 2 1 2 25 10 35 34 123555 0 0 0 2 0 5 0 3 0 0 1 7 3 7 3 7 0 1 0 1 1 0 0 0 3 0 0 0 0 0 2 7 1 2 0 3 3 1 2 2
174 AGG 1 0 5 0 0 0 0 0 17 0 123509 1 0 0 4 1 0 0 0 0 1 0 0 0 3 6 1 3 0 0 0 0 0 0 0 0 0 0 0 0 0 0 4 0 0 0 0 0 5 4 0 0 0 0 0 2 0 0 2 0 5 1 1 0
175 AGG 2 0 13 0 0 0 0 0 12 0 123538 2 0 0 3 0 0 2 0 0 0 0 2 0 0 0 7 0 0 0 0 0 0 0 0 0 0 0 1 0 0 0 12 0 0 0 1 0 0 1 0 0 0 0 0 0 0 0 0 0 0 0 0 0
176 TCT 0 0 0 0 0 0 1 2 0 0 0 0 2 0 0 0 0 0 0 0 1 0 1 5 0 0 0 0 0 0 0 0 0 0 0 1 16 0 0 1 0 0 0 1 0 0 0 0 0 0 0 5 19 54 3 123639 0 0 0 0 1 0 0 3
177 GGA 0 0 1 0 0 0 0 0 2 0 0 1 1 0 0 0 1 0 4 1 0 0 0 0 0 0 0 0 1 0 0 0 5 0 2 0 0 1 0 0 123293 2 20 2 1 0 0 0 1 0 2 0 0 1 0 0 7 0 0 0 2 0 0 0
178 GCT 0 0 1 1 1 2 2 14 0 1 2 6 0 1 2 0 0 0 2 1 0 3 0 1 7 0 0 1 1 1 15 1 0 0 0 3 7 12 0 123644 1 1 0 1 3 0 0 9 1 0 0 0 0 21 3 4 0 0 3 0 13 2 1 0
179 GCA 0 0 0 0 51 0 0 0 0 0 0 0 0 0 0 0 0 2 0 0 0 0 0 0 0 0 1 0 0 1 0 0 1 0 0 0 123268 4 131 20 4 0 1 5 20 0 0 0 0 0 0 0 1 0 0 0 1 0 0 1 0 0 0 0
180 GGC 0 0 0 0 0 1 0 0 0 3 0 0 0 0 0 0 0 0 0 0 0 2 0 0 0 0 0 0 0 0 0 0 0 8 0 0 0 1 0 0 21 122821 11 31 0 1 0 0 0 1 1 0 0 0 0 0 0 4 0 0 0 0 1 0
181 GCT 0 3 0 1 0 0 0 46 0 1 0 0 1 1 1 0 1 10 4 5 0 0 0 1 0 0 1 0 0 0 0 0 0 2 1 7 21 50 18 122027 0 0 0 1 0 0 0 6 2 0 0 0 1 0 0 5 0 0 3 0 0 0 1 1
182 GCA 0 2 0 3 56 0 2 0 0 0 0 0 3 0 1 0 0 12 4 0 0 1 1 0 0 0 0 0 0 0 0 1 1 0 0 0 122984 7 18 15 1 3 2 0 50 1 0 1 0 1 0 0 3 0 1 0 3 1 2 0 0 3 0 0
183 GTC 0 0 0 0 0 0 0 0 0 1 2 0 1 18 1 0 2 0 2 2 0 2 0 0 0 3 1 0 0 2 0 2 0 0 0 0 1 7 0 0 1 0 1 0 14 123999 1 29 0 1 0 0 1 0 0 0 0 1 1 1 1 6 0 0
184 AAA 123638 11 71 12 2 2 0 1 6 0 2 0 0 0 0 0 1 0 0 0 0 1 0 0 0 3 1 6 0 0 1 0 3 0 0 2 1 1 0 1 1 2 0 1 7 0 0 0 3 0 1 0 0 0 0 1 2 1 0 0 0 0 1 0
185 GGA 0 0 0 3 1 0 0 1 10 0 0 4 0 0 0 0 5 1 0 0 1 0 0 0 0 3 0 0 0 2 2 0 7 1 0 0 0 2 0 0 123741 4 28 0 2 0 0 0 0 1 0 1 0 5 1 0 8 0 0 0 1 0 0 0
186 GTT 0 1 0 0 0 2 1 0 4 0 2 0 3 7 0 20 2 0 0 0 1 2 1 0 0 0 0 0 0 0 2 1 0 0 1 0 0 2 1 5 0 0 0 1 8 16 18 123392 1 0 0 0 0 0 0 1 1 0 1 0 0 0 1 0
187 GGG 0 0 0 0 2 0 1 0 0 0 4 0 0 0 0 0 0 0 1 0 0 0 0 0 1 0 0 0 0 0 0 0 0 1 9 3 0 0 0 1 19 1 122874 12 0 3 6 0 1 0 1 1 1 0 0 0 0 0 3 3 0 0 0 0
188 ACA 6 0 0 2 123534 3 14 2 1 1 0 1 3 0 1 0 0 0 5 0 3 4 0 0 0 1 0 1 0 0 1 2 0 1 0 0 18 0 0 4 0 0 0 0 0 0 0 0 0 0 0 0 4 0 0 4 0 2 0 0 0 2 0 0
189 ATG 3 2 2 1 6 2 2 1 0 4 1 0 10 0 123793 22 0 15 0 0 0 0 0 0 0 0 0 0 3 1 3 2 2 0 0 0 0 1 0 1 3 1 3 1 0 0 17 1 5 0 0 1 0 0 1 1 0 1 1 16 0 1 2 0
190 GTG 0 0 0 0 0 7 2 0 0 2 0 0 0 1 8 0 0 0 3 0 4 0 0 1 1 1 0 0 0 0 4 0 0 1 1 0 0 3 9 2 0 0 1 0 19 9 123752 6 0 0 0 0 0 0 0 6 0 5 0 0 0 0 2 0
191 ATG 0 0 2 0 0 1 6 0 0 0 5 0 13 4 123773 6 3 0 0 3 0 1 1 0 0 0 0 0 0 0 1 4 0 0 2 0 0 1 0 0 0 0 2 0 0 0 9 0 0 0 0 7 0 0 0 0 0 0 3 5 0 0 0 1
192 GAG 0 0 6 0 0 0 0 4 2 1 0 0 0 1 0 0 0 0 0 0 1 4 0 0 0 1 1 0 0 0 2 0 19 1 123965 8 0 1 3 1 0 1 15 0 1 0 2 0 0 2 0 0 3 4 0 0 0 0 1 0 0 0 0 0
193 TTG 0 0 0 0 0 1 0 0 0 0 0 1 3 0 3 0 0 0 0 0 0 1 0 1 0 0 0 0 13 4 1 0 1 0 0 0 1 0 0 2 0 0 0 1 0 0 0 3 1 0 0 0 1 0 11 0 0 0 0 25 26 0 123894 6
194 ATA 1 0 0 0 7 3 0 2 1 0 0 0 123851 0 3 4 0 0 0 0 0 4 1 1 0 0 0 2 7 0 0 2 1 1 0 0 0 1 1 0 0 0 0 0 5 9 70 1 0 0 0 0 0 0 0 0 0 1 0 0 1 0 1 2
195 AGG 0 0 13 0 1 1 3 2 17 0 123925 2 0 0 5 1 1 0 0 0 2 10 0 0 6 8 7 0 0 0 0 0 0 0 0 0 1 0 0 0 1 0 13 0 0 0 0 0 0 2 0 0 0 1 0 0 0 0 4 0 0 0 0 0
196 ATG 0 0 1 0 2 0 2 0 0 0 0 3 11 0 123945 6 2 0 1 0 0 2 0 0 0 1 0 0 1 1 0 0 0 0 0 0 0 0 3 6 0 1 0 0 0 0 12 0 0 0 0 0 0 0 7 0 1 0 3 0 0 0 1 0
197 ATC 0 1 0 0 1 14 0 0 0 1 1 1 24 123948 0 4 0 0 2 0 1 0 0 1 0 0 0 0 0 0 0 0 0 0 0 0 0 3 0 0 0 1 0 0 1 14 0 0 0 0 0 0 0 0 1 1 0 1 0 0 0 2 0 0
198 AAA 124051 3 31 0 1 1 0 0 10 0 0 0 0 0 0 0 1 0 0 0 0 2 0 0 1 0 0 0 0 1 0 0 5 0 0 0 0 1 0 0 0 0 0 0 0 0 1 0 3 0 0 1 0 0 0 0 1 0 0 0 0 0 0 0
199 CGT 1 0 0 0 1 0 3 1 0 1 10 6 0 0 0 0 2 0 1 12 0 3 8 0 1 17 17 123924 0 0 0 2 0 0 0 0 0 2 0 0 0 0 0 3 0 0 0 0 0 0 1 1 0 1 0 0 0 0 0 6 0 0 0 0
200 GGG 0 0 0 0 0 2 2 0 0 1 12 0 0 0 0 0 0 0 2 0 0 0 0 0 0 4 0 0 0 0 0 1 2 0 4 0 0 4 0 1 19 4 123122 7 0 0 7 4 0 0 2 0 0 0 0 0 3 0 9 1 2 2 1 0
201 ATC 0 1 0 0 6 5 0 0 0 0 1 3 11 123783 4 10 0 1 1 5 0 0 1 0 1 0 0 0 0 1 0 0 0 2 0 1 1 0 0 0 1 1 4 0 0 16 1 0 0 0 0 1 0 0 0 0 1 1 0 0 0 1 0 0
202 AAT 1 4 0 124044 0 0 0 6 0 0 0 8 1 0 6 0 3 54 1 1 0 1 1 0 0 0 0 2 5 5 0 0 0 1 0 11 3 0 0 0 1 0 1 1 0 0 0 3 0 1 0 1 0 2 9 0 0 2 0 0 1 1 0 0
203 GAT 1 0 0 5 0 0 0 1 0 0 0 2 0 0 0 0 1 0 0 0 0 0 0 0 0 0 0 0 1 0 0 0 1 9 1 123959 1 0 1 1 2 0 0 4 0 0 0 0 2 0 0 6 0 2 0 0 0 0 1 2 1 0 0 0
204 CGG 0 0 2 0 0 0 0 0 1 0 27 1 0 0 0 0 0 0 13 0 0 0 0 2 8 8 123621 8 0 0 1 1 0 0 0 0 0 1 1 2 0 0 0 0 0 0 0 0 0 0 1 0 1 1 3 0 0 2 18 0 0 0 1 0
205 AAC 2 123050 3 27 0 0 0 2 0 10 1 5 0 0 0 1 0 2 0 0 0 0 0 0 0 0 1 0 0 0 0 0 2 7 0 0 0 0 0 0 0 3 1 0 0 9 0 3 0 1 1 5 0 13 0 4 2 3 0 3 2 0 0 0
206 TTC 0 0 0 0 0 0 0 3 0 0 0 0 0 0 2 0 0 1 0 0 0 0 0 0 0 0 0 0 0 20 1 0 0 0 0 0 0 0 1 0 0 0 0 1 0 6 2 0 1 4 1 0 0 4 0 0 0 1 1 0 5 123897 1 6
207 TGG 0 0 0 3 0 0 0 0 0 0 0 0 0 0 0 0 0 0 0 0 0 2 1 0 0 0 10 0 0 0 0 0 0 0 0 0 0 0 0 1 0 0 1 0 0 0 0 1 0 21 14 2 3 1 1 1 6 0 123787 1 0 0 2 1
208 AGA 8 1 0 1 0 4 0 0 123630 1 25 0 0 0 0 1 0 0 0 0 0 2 1 0 0 12 0 2 0 0 0 0 0 0 0 0 0 1 0 0 7 0 1 2 0 0 0 0 1 0 0 0 0 0 0 0 1 0 2 0 0 0 0 0
209 GGT 1 0 0 0 0 0 0 0 0 0 0 10 0 0 0 2 0 0 2 0 0 0 0 0 0 0 0 0 0 0 0 0 0 0 0 4 0 0 1 1 6 6 4 106615 0 1 0 2 2 0 1 0 0 0 1 0 0 0 0 4 0 0 0 1
210 GAA 8 0 0 0 2 0 0 1 0 3 0 0 0 0 0 0 0 0 0 0 0 0 0 0 0 0 0 0 0 0 1 0 115740 1 26 0 1 0 1 1 7 2 0 0 0 0 0 0 4 0 0 1 2 0 0 0 0 0 0 0 0 0 0 0
211 AAT 0 2 1 115567 6 2 3 16 0 0 1 8 0 7 1 24 0 3 2 2 5 3 1 0 1 0 2 1 0 0 2 0 4 0 4 5 3 11 0 4 0 0 20 1 2 0 4 1 0 0 0 1 0 5 0 0 0 0 4 14 0 2 1 8
212 GGA 0 5 0 0 0 0 0 0 10 0 1 0 1 0 0 0 0 0 0 0 0 2 0 0 0 2 2 0 0 0 0 0 6 0 0 0 1 0 1 2 112806 5 19 2 2 0 0 0 1 0 0 0 0 1 0 0 14 0 0 0 0 1 1 0
213 CGA 0 0 3 0 0 0 0 1 6 0 0 0 1 0 0 0 15 0 0 0 1 0 0 4 107300 4 15 1 5 0 0 1 0 0 0 0 0 0 0 0 1 0 2 0 0 0 0 0 1 0 0 0 0 0 0 1 20 0 0 0 0 0 0 0
214 AAA 118692 2 9 0 6 1 0 4 2 0 3 2 1 0 0 3 2 1 1 0 0 2 0 0 0 6 1 4 3 2 0 0 21 0 0 0 0 0 1 1 2 2 3 2 0 0 0 0 0 2 0 0 0 8 0 0 0 1 0 0 0 0 5 5
215 ACA 3 0 0 0 121035 4 24 4 0 24 0 3 5 1 0 0 0 0 0 0 25 0 0 0 0 0 0 0 0 2 0 0 0 0 0 0 8 0 5 2 0 2 9 6 0 0 8 0 1 0 0 0 1 0 1 1 1 0 0 0 0 1 0 0
216 AGG 0 1 16 2 0 0 0 2 20 0 118419 3 0 2 12 0 0 1 1 0 0 0 1 0 24 0 4 3 1 2 0 0 0 0 0 0 2 0 0 0 0 2 18 0 0 0 0 0 0 4 0 1 0 0 0 0 0 0 4 0 2 0 0 0
217 AGT 11 17 0 23 0 3 4 8 0 16 3 115002 1 12 5 1 4 0 0 0 0 1 1 0 0 4 0 0 2 0 4 0 0 1 0 0 10 0 3 0 2 0 0 11 29 0 2 3 0 0 0 0 9 1 0 3 1 0 2 3 2 1 12 0
218 GCT 0 0 0 0 1 0 0 31 1 0 1 0 2 0 0 0 0 0 0 0 0 0 0 0 0 0 0 0 4 0 0 0 0 0 0 7 2 4 9 117579 0 0 1 0 0 0 0 6 0 4 0 0 0 0 0 1 0 0 1 0 0 0 0 0
219 TAC 0 0 0 0 0 0 0 0 0 0 0 1 0 0 0 0 2 6 0 0 0 0 0 0 0 0 1 0 0 0 1 0 0 0 0 0 0 0 0 0 0 0 2 0 0 2 0 0 4 119663 2 6 0 0 0 0 0 5 0 0 0 0 0 0
220 GAG 0 0 5 0 0 3 16 0 0 1 0 0 1 0 0 0 0 0 0 0 5 1 0 0 0 0 0 0 0 0 1 1 2 0 113937 7 0 0 1 0 0 1 11 0 0 0 0 0 0 0 4 0 0 0 0 0 0 0 0 0 0 0 0 0
221 AGA 10 1 0 0 0 0 0 0 119249 2 22 0 2 0 0 1 1 0 0 0 0 0 0 0 0 0 9 5 0 0 0 0 0 0 1 0 0 0 0 0 5 0 0 0 0 0 0 0 0 0 1 0 0 0 0 0 0 0 0 0 0 0 0 0
222 ATG 0 0 4 2 0 0 8 0 0 1 1 0 16 0 116716 1 0 0 0 0 0 0 0 0 0 0 0 0 0 0 0 0 0 0 0 0 2 0 2 1 0 0 4 0 0 0 7 0 0 2 0 1 6 2 0 3 0 1 0 0 0 7 0 2
223 TGC 0 0 0 0 0 0 0 0 0 3 0 0 0 0 0 0 0 0 0 0 0 0 0 0 0 0 0 0 0 0 0 0 0 0 0 0 0 0 0 0 0 0 0 0 0 0 0 0 0 17 0 0 0 0 0 0 2 109089 1 35 0 2 0 0
224 AAC 6 113830 0 4 0 2 0 0 0 2 0 0 0 0 0 0 0 0 0 0 0 0 0 0 0 0 0 0 0 0 0 0 0 3 0 0 0 0 0 0 0 0 0 0 0 0 0 0 0 2 0 0 0 0 0 0 0 0 0 0 0 0 0 0
225 ATT 0 0 0 1 0 0 0 5 0 0 0 0 1 7 0 123467 0 0 0 0 0 0 0 1 0 0 0 0 0 0 0 2 0 0 0 1 0 0 0 0 0 0 0 0 1 14 25 4 0 0 1 4 0 0 0 0 0 0 0 0 0 0 0 0
226 CTC 0 0 0 0 0 0 0 0 0 0 0 0 0 5 0 0 0 1 0 0 0 6 0 0 0 0 0 0 5 123940 0 5 0 0 0 0 0 0 0 0 0 0 0 0 0 0 0 0 0 0 0 0 0 0 0 0 0 0 0 0 0 1 0 0
227 AAA 124191 0 22 2 2 0 0 0 1 0 0 0 1 0 0 0 0 0 0 0 0 0 0 0 0 1 0 0 0 0 0 0 5 0 0 0 1 0 0 0 0 0 1 0 0 0 0 0 0 0 0 0 0 0 0 0 0 0 0 0 0 0 0 1
228 GGA 0 0 0 0 0 0 1 0 8 0 0 0 0 0 0 1 0 0 0 0 0 0 0 0 0 0 0 0 2 2 0 0 13 0 5 0 4 2 0 0 123751 1 25 3 5 1 0 0 0 0 0 0 1 2 0 0 4 0 0 0 0 0 0 0
229 AAA 124120 0 9 4 1 0 0 0 3 0 0 0 2 0 6 0 1 0 1 0 1 1 0 1 0 0 0 0 0 0 0 0 7 0 0 0 0 0 0 1 0 0 4 0 0 1 3 0 0 0 1 0 0 1 0 0 0 0 1 0 0 0 1 0
230 TTT 0 2 0 0 0 2 0 0 0 0 0 0 0 0 1 1 0 1 0 0 0 0 0 0 0 0 0 0 0 1 0 6 0 0 0 0 0 0 0 0 1 1 0 1 0 0 0 0 0 0 0 1 0 0 0 4 0 0 0 1 1 10 4 123815
231 CAA 15 0 1 0 1 6 1 3 1 0 1 0 0 0 5 1 123933 1 9 0 1 1 4 0 34 1 1 3 0 1 0 2 0 0 0 0 0 0 2 2 1 4 2 4 0 0 0 2 2 0 0 0 1 1 0 0 0 0 0 0 2 0 2 0
232 ACA 2 0 0 0 123913 10 5 0 0 0 0 0 9 0 0 3 0 9 1 0 4 2 0 0 0 0 0 1 0 7 0 0 0 0 0 0 6 2 0 2 0 0 0 0 0 1 0 1 0 1 0 0 0 0 0 0 0 0 0 0 0 1 0 0
233 GCT 0 0 2 0 0 0 9 35 0 0 2 0 0 0 0 0 7 0 0 0 0 2 0 1 0 0 61 1 0 0 0 0 0 0 0 6 3 16 2 123826 0 0 1 1 2 5 0 9 0 0 0 0 1 1 0 1 0 0 0 11 0 0 0 0
234 GCA 0 0 0 0 44 0 0 1 1 0 0 0 0 1 1 0 0 0 0 0 3 1 0 24 0 0 0 0 0 0 0 0 5 1 0 0 123913 5 24 6 0 1 1 5 10 0 0 0 0 2 0 0 4 0 9 0 4 0 0 6 0 1 1 0
235 CAA 2 0 1 0 0 0 0 0 0 0 0 0 0 0 1 1 124138 2 9 1 2 0 0 0 8 0 0 0 0 0 0 0 0 1 0 1 0 3 0 1 0 0 0 1 0 0 0 2 3 0 0 0 0 0 0 0 0 0 0 0 1 2 0 0
236 AGG 0 0 12 0 1 3 2 0 12 0 123995 5 0 0 7 0 0 0 0 0 0 1 3 0 0 1 9 1 0 1 2 0 1 0 0 0 1 0 0 0 0 1 19 0 0 0 0 0 0 0 2 0 0 0 2 0 4 0 3 0 0 0 0 0
237 GCA 4 2 2 0 23 2 7 3 3 3 0 0 0 0 0 3 1 6 0 0 1 0 0 0 0 0 3 1 0 0 0 0 7 0 0 3 123866 2 17 4 12 3 5 4 26 0 2 1 0 1 0 0 7 1 6 3 1 0 3 0 1 2 0 0
238 ATG 0 1 0 1 0 1 7 0 2 0 2 1 9 0 124053 12 1 3 3 0 0 0 0 0 0 0 1 0 2 4 8 1 0 0 0 0 0 0 0 0 0 0 2 3 3 1 6 2 1 0 1 1 1 0 0 0 0 1 1 0 0 0 0 0
239 ATG 0 1 0 1 0 3 16 1 0 0 5 1 22 0 124056 12 0 2 0 0 0 1 0 0 0 0 0 0 0 1 0 0 1 0 0 0 0 2 4 0 0 1 1 0 1 75 26 0 1 0 0 0 1 4 0 2 0 0 1 0 1 0 0 0
240 GAT 0 4 0 9 4 0 0 0 0 5 0 0 0 1 2 0 0 0 0 5 0 0 0 1 0 0 0 0 1 0 0 1 6 8 9 124217 0 0 0 1 0 5 7 11 0 0 5 0 0 0 1 2 1 1 0 1 1 0 2 1 0 0 0 0
241 CAA 10 0 0 0 1 0 0 0 0 0 0 1 0 1 0 0 124113 1 20 2 1 0 1 0 19 0 1 0 0 0 4 4 1 1 0 0 0 3 0 2 1 0 1 0 0 2 1 0 3 3 0 2 2 0 0 0 0 1 1 0 0 0 0 0
242 GTG 0 0 1 3 0 0 3 0 0 0 0 0 0 0 15 3 0 2 1 3 20 0 3 1 2 0 2 0 0 1 5 5 1 0 0 0 0 4 10 3 2 1 3 0 10 3 123864 26 0 1 2 0 0 3 0 0 0 0 0 0 0 0 6 2
243 AGA 12 3 6 3 0 6 0 1 123881 0 44 4 5 0 1 2 0 1 4 0 0 0 0 0 11 12 4 9 1 1 0 0 0 0 0 0 6 1 2 4 22 0 2 2 0 3 0 1 0 2 3 0 0 2 0 2 3 2 1 0 15 2 1 0
244 GAA 13 2 3 3 0 0 1 0 0 0 0 0 0 0 0 0 0 0 0 0 0 1 1 0 0 0 1 0 0 0 0 0 124026 3 37 2 1 10 2 0 13 0 0 1 3 0 1 2 3 0 0 0 4 0 0 0 0 1 1 0 0 0 0 0
245 AGT 0 2 0 6 1 1 7 5 1 4 2 123065 2 0 1 1 1 0 0 1 1 6 40 4 2 0 0 4 1 0 0 0 0 1 3 0 0 6 0 1 17 0 13 27 0 1 2 0 0 0 0 0 0 3 1 0 0 0 0 1 0 0 0 0
246 CGG 2 0 0 0 2 0 1 0 0 0 15 0 0 0 4 0 1 0 17 3 0 0 1 0 31 14 123984 45 0 0 3 0 0 0 0 0 1 3 0 0 0 2 1 3 2 0 0 0 5 0 2 0 1 0 1 0 0 1 11 0 0 0 1 0
247 AAC 3 123878 0 23 2 9 0 0 1 12 2 3 5 0 2 0 0 0 1 0 0 0 1 0 1 2 0 12 0 0 0 6 0 8 0 0 0 5 0 0 2 1 1 11 1 0 0 2 3 10 0 2 0 0 0 1 2 3 1 2 0 0 2 7
248 CCA 0 0 0 3 7 0 2 0 1 0 0 0 0 0 0 0 5 0 1 0 124013 15 35 6 0 0 1 0 8 0 0 0 0 0 1 0 1 0 1 0 0 0 1 0 0 0 0 0 0 0 0 0 0 0 0 0 0 0 2 2 0 0 0 0
249 GGA 0 0 1 0 0 0 0 0 9 0 0 0 0 0 0 0 0 0 0 0 3 0 0 0 0 0 0 0 0 1 1 0 3 7 0 0 3 0 0 0 124071 1 26 9 0 0 0 0 0 0 0 0 0 0 0 0 8 0 2 0 0 1 0 0
250 AAT 10 13 5 124163 3 0 1 0 0 1 0 5 1 0 1 0 0 0 1 8 1 0 0 0 0 0 1 2 0 0 0 0 0 0 1 5 2 6 6 0 0 0 9 2 1 0 1 0 22 0 4 0 1 1 0 0 0 1 8 0 0 1 0 2
251 GCT 0 0 0 0 0 0 2 20 0 0 0 0 0 0 2 0 0 0 0 0 0 0 0 0 0 0 1 0 0 0 2 0 0 0 1 8 0 35 2 173882 0 0 0 0 1 9 2 32 0 0 2 0 0 0 3 12 0 0 0 0 0 0 1 0
252 GAG 0 0 7 0 0 1 0 0 0 0 0 0 0 0 0 1 0 0 0 0 0 0 0 0 1 0 0 0 0 1 0 0 47 0 173612 11 0 0 4 0 0 0 18 0 0 0 4 0 0 1 7 0 2 1 0 0 2 0 1 1 1 0 1 0
253 ATC 0 1 0 1 0 4 0 0 0 1 3 2 16 173715 4 47 1 1 0 0 0 0 0 0 0 0 0 1 0 1 0 0 0 0 1 0 0 0 1 0 0 0 5 0 0 17 0 0 3 0 0 0 0 0 7 0 0 0 0 0 0 1 0 0
254 GAA 25 0 0 0 0 0 0 0 0 0 0 0 0 0 0 0 0 0 0 0 0 0 0 0 0 0 0 0 0 0 0 0 173824 2 9 4 0 0 0 0 7 0 0 0 0 0 0 0 8 0 0 0 0 0 0 0 0 0 0 0 0 0 0 0
255 GAT 0 0 0 12 0 0 1 0 0 0 1 0 1 0 1 0 0 0 0 0 0 1 0 0 0 0 0 2 1 0 0 1 0 12 0 174200 0 0 0 0 0 0 0 10 0 0 0 0 2 0 3 5 0 0 0 0 0 0 0 0 0 0 0 0
256 CTC 1 1 1 1 1 0 0 0 3 0 2 0 4 3 1 0 0 4 0 1 0 13 0 0 1 0 0 0 34 173585 4 37 2 0 1 0 0 0 0 0 1 0 2 0 0 5 0 2 7 0 0 0 0 1 0 0 0 1 0 1 11 8 1 1
257 ATC 0 1 0 0 0 6 0 0 0 0 0 0 12 173831 0 7 1 6 1 0 0 1 2 0 0 0 0 0 10 9 0 0 0 0 1 0 0 0 0 1 0 0 1 1 0 8 0 2 0 1 0 4 2 0 5 0 0 0 0 6 0 2 1 2
258 TTT 0 0 0 1 0 0 0 0 1 2 0 0 0 0 1 5 0 0 1 0 0 0 1 0 1 2 1 1 0 2 0 2 0 0 4 0 0 2 0 0 0 1 0 0 0 0 0 2 5 0 0 0 0 0 0 3 3 1 0 1 1 10 2 173796
259 CTG 2 0 2 0 0 0 0 0 0 2 0 7 0 0 14 0 0 1 0 0 6 0 4 0 0 0 1 0 16 7 173854 14 2 0 1 0 0 2 1 1 3 0 2 1 0 1 9 8 4 1 1 1 0 0 1 0 0 1 2 0 1 0 12 0
260 GCA 0 0 0 0 73 0 0 2 1 4 0 0 0 0 0 0 0 2 0 0 0 3 1 0 0 0 0 0 0 1 0 0 5 0 0 0 173487 4 16 8 2 0 1 0 37 1 2 2 1 2 0 0 3 2 0 0 3 3 0 0 0 0 0 0
261 CGG 4 0 0 0 0 0 0 0 0 0 14 0 1 0 0 0 0 0 17 0 0 0 0 1 23 26 172999 4 0 0 18 0 0 0 0 0 0 0 0 0 0 0 0 0 0 0 0 0 0 0 0 0 0 0 0 0 0 0 25 0 0 0 0 0
262 TCT 1 0 0 0 2 4 2 1 0 6 0 0 0 0 0 1 6 2 0 0 2 0 0 12 0 0 0 0 2 0 1 2 0 0 0 0 1 1 5 0 0 3 0 0 1 0 1 0 2 0 0 17 14 55 7 173613 0 0 0 0 0 4 0 8
263 GCA 0 4 0 0 101 2 0 2 0 1 0 1 2 0 0 0 0 0 0 0 1 0 1 0 0 0 1 0 0 0 1 0 5 0 0 0 173729 4 16 1 15 1 3 0 25 4 1 0 0 0 1 1 8 1 1 0 3 7 2 2 0 0 0 0
264 CTC 0 0 0 0 0 0 1 0 0 5 0 0 2 10 5 1 0 7 1 0 1 13 0 0 5 1 6 0 31 173989 4 9 1 1 2 1 1 0 0 5 1 0 0 0 1 1 0 9 0 0 0 0 0 0 1 0 1 0 3 1 1 23 4 6
265 ATA 0 0 1 0 21 1 2 4 0 6 0 4 174050 2 19 61 0 1 2 1 1 3 0 0 1 0 1 0 13 1 1 5 0 1 1 0 2 2 10 4 0 0 2 1 13 17 5 19 0 1 4 0 1 3 0 1 1 5 0 4 0 0 0 2
266 TTG 4 2 0 0 1 0 1 0 0 0 1 0 1 0 4 13 0 0 1 0 0 0 1 0 0 0 0 2 2 11 16 4 2 0 0 0 0 3 3 2 1 2 1 1 12 3 29 2 0 0 1 8 1 1 6 1 0 4 6 0 12 1 173939 24
267 AGA 122 0 111 0 0 0 1 1 173618 2 47 2 2 0 0 1 0 0 0 0 0 5 0 0 11 9 2 10 0 0 2 0 0 0 0 0 0 0 0 2 16 0 0 0 2 3 1 0 1 0 0 0 0 0 0 0 0 0 0 0 0 0 1 0
268 GGG 0 0 0 1 0 12 0 3 0 2 16 0 0 0 0 0 0 2 1 0 0 11 1 5 0 1 0 0 0 1 0 0 0 1 22 0 0 0 1 7 21 2 173500 10 1 0 22 0 0 0 0 0 52 31 0 0 0 2 22 0 0 1 0 1
269 TCA 0 3 0 0 0 1 0 5 0 1 0 0 2 0 0 0 0 0 0 0 14 4 0 2 0 0 0 0 0 1 8 0 1 0 0 0 0 4 1 2 0 1 0 0 0 1 0 0 15 0 0 1 173756 1 67 4 0 0 0 2 10 0 0 0
270 GTT 1 0 0 1 0 4 5 7 0 4 0 0 0 2 0 16 1 2 0 0 0 0 1 0 0 0 0 0 0 1 1 0 1 0 1 0 3 1 2 1 1 1 2 3 3 6 1 173898 0 1 0 0 0 0 5 0 5 3 0 0 0 0 3 5
271 GCT 1 0 0 1 1 0 0 28 4 1 1 1 0 0 0 0 0 2 0 0 1 4 1 0 4 3 0 1 0 0 0 0 0 0 0 2 8 34 1 173626 3 5 15 2 1 1 0 30 0 0 1 5 6 10 2 7 1 0 0 2 0 0 0 0
272 CAC 0 17 1 0 0 2 1 0 0 3 0 4 1 1 2 0 0 173880 1 24 1 8 2 3 2 8 0 2 0 3 0 1 2 1 0 3 0 5 0 2 3 0 3 3 0 0 3 3 5 1 2 0 1 2 1 3 11 1 4 2 1 0 6 1
273 AAA 173697 3 41 1 5 0 0 0 3 4 1 0 1 0 0 0 1 5 1 1 2 0 0 0 0 8 0 0 0 0 0 0 5 0 2 1 0 0 3 1 0 0 4 0 2 5 1 1 5 0 12 3 0 2 1 1 0 0 0 0 1 1 0 0
274 TCT 3 3 2 1 1 4 1 55 0 6 1 13 0 0 1 0 0 6 0 0 4 3 0 5 1 1 0 0 0 0 1 0 0 1 0 2 1 4 1 2 1 0 0 40 5 0 1 1 2 1 4 10 143 25 7 174003 3 5 0 0 0 3 1 3
275 TGT 0 2 0 4 0 1 0 2 3 3 0 6 1 1 4 1 0 7 1 0 1 6 1 1 0 0 4 5 0 0 0 0 7 4 0 0 4 10 9 1 0 2 2 4 1 9 2 6 7 0 2 6 0 0 2 3 3 34 0 174066 0 8 1 5
276 CTG 4 1 0 0 0 1 1 2 1 0 0 0 0 3 15 1 0 1 2 0 0 3 13 0 3 0 3 0 88 2 173971 5 0 0 0 0 1 1 0 0 2 1 0 1 0 0 0 4 1 2 0 0 2 0 1 0 0 0 1 0 7 0 35 0
277 CCC 1 3 0 1 3 8 0 1 1 1 2 0 4 0 1 2 0 4 0 0 40 173662 17 51 0 1 0 0 2 6 4 0 0 0 0 0 0 1 1 0 0 1 2 1 0 3 1 2 0 0 1 0 0 43 1 0 0 0 0 0 0 0 1 0
278 GCC 0 0 0 0 0 39 0 0 0 0 0 0 0 5 3 0 0 0 0 0 0 1 0 0 3 0 0 2 0 0 0 1 0 3 0 0 51 171982 4 20 0 5 1 0 0 8 0 1 3 1 1 1 0 7 0 0 7 2 2 0 15 1 1 0
279 TGT 0 0 0 0 1 1 0 0 3 0 2 8 0 0 0 0 2 2 0 0 0 1 2 1 0 1 0 80 0 2 1 0 0 3 0 0 2 4 2 2 0 0 1 11 0 1 0 0 1 0 2 19 0 0 1 3 2 24 2 173839 0 2 1 7
280 GTG 1 1 0 0 0 0 1 0 2 0 1 0 2 17 25 2 1 0 1 2 0 2 1 0 1 1 5 0 0 1 2 6 0 0 0 1 0 1 6 2 0 0 3 0 31 2 174075 6 0 0 3 0 0 0 0 0 1 0 2 0 0 1 10 0
281 TAT 1 0 1 7 0 0 0 3 0 0 2 0 4 0 2 0 3 0 1 22 0 0 1 0 0 0 0 2 0 0 0 2 3 0 3 1 0 0 0 0 4 1 1 1 3 3 0 0 5 24 4 174114 3 1 1 2 1 0 0 12 1 0 0 1
282 GGA 0 0 2 1 0 1 2 0 12 0 2 0 0 1 1 0 0 0 0 0 2 2 0 4 0 0 2 0 3 0 3 1 12 1 0 0 2 15 28 25 173643 36 104 20 6 3 9 0 3 1 1 0 1 2 1 0 9 0 4 0 1 1 1 1
283 CCT 81 8 37 3 1 75 21 5 3 4 3 4 1 0 6 9 5 8 207 57 14 169 41 172491 33 24 51 10 5 35 7 22 2 0 0 9 5 11 53 18 12 149 32 9 5 7 7 2 0 1 0 1 5 4 15 25 3 17 6 29 1 13 14 3
284 GCC 0 0 0 0 0 50 0 0 0 0 0 1 0 0 0 0 0 0 2 1 0 0 1 2 0 0 0 0 1 0 0 0 2 2 0 1 24 174136 12 29 0 0 0 0 0 31 0 0 0 0 1 1 4 7 0 0 0 0 0 0 0 0 0 0
285 GTA 1 2 0 1 0 1 1 1 0 0 1 0 35 0 0 1 1 0 0 6 1 1 1 1 0 3 0 0 3 0 0 0 1 0 1 1 6 0 0 0 3 0 0 0 172852 4 25 3 0 6 0 3 0 1 0 0 0 0 0 12 8 0 0 0
286 GCC 0 1 0 0 3 19 0 5 3 0 0 0 0 2 3 0 0 0 3 0 2 1 1 0 0 0 1 0 0 1 0 1 0 3 0 0 13 174091 2 3 0 1 0 3 0 14 0 0 0 0 0 0 0 5 0 0 0 1 0 0 0 0 2 0
287 AGT 0 0 0 27 0 0 0 6 1 2 3 174172 0 0 0 3 11 0 0 0 0 0 0 0 0 0 0 12 0 0 0 0 0 0 0 0 0 0 0 0 0 2 3 13 0 0 0 0 0 0 0 0 0 0 0 0 0 0 0 2 0 0 0 0
288 GGC 0 0 0 0 0 0 0 0 0 3 0 0 0 0 0 0 0 0 0 0 0 0 0 0 0 0 0 0 0 0 0 0 0 9 0 0 0 1 0 0 5 174178 7 11 0 4 0 0 0 0 0 0 1 0 0 0 0 6 1 0 0 0 1 0
289 TAC 9 4 0 0 13 1 1 0 0 0 0 2 4 152 1 0 0 124 0 0 0 0 0 0 58 2 8 0 0 9 0 8 0 0 0 0 0 0 0 0 1 1 4 2 0 0 6 0 1 173619 0 84 16 6 0 0 0 19 0 0 3 0 0 0
290 GAC 0 14 0 0 0 0 1 0 0 2 0 3 0 0 0 0 0 6 0 0 0 3 1 0 0 1 15 0 0 0 0 0 8 173821 0 15 0 0 0 0 0 8 11 0 0 1 0 0 0 34 0 0 0 1 0 0 0 1 0 0 0 1 0 0
291 TTC 0 0 0 1 0 0 0 0 0 0 0 0 0 2 4 0 0 0 0 0 0 0 4 1 0 3 0 1 0 11 0 0 0 5 1 0 0 0 0 0 0 5 0 0 0 6 0 0 0 12 0 0 1 9 2 0 1 0 2 0 5 173738 4 10
292 GAA 22 0 0 0 0 2 0 0 0 4 18 1 1 0 1 0 4 11 0 1 5 2 0 0 1 4 43 3 0 1 0 0 173639 3 13 7 0 5 20 0 41 5 6 14 22 1 2 0 10 8 0 8 0 24 1 0 0 0 4 0 0 0 0 0
293 AAA 173146 1 72 5 15 2 0 0 19 0 4 2 0 0 0 1 2 0 1 4 0 1 0 0 1 0 2 0 0 0 0 0 7 0 0 1 0 0 0 1 0 0 0 0 0 4 0 0 4 0 0 0 2 0 0 0 0 0 0 0 0 0 0 0
294 GAG 0 58 20 0 3 0 1 11 0 1 42 0 0 0 0 17 0 22 5 1 3 2 0 0 2 23 14 4 5 1 0 0 18 0 172685 17 8 0 52 2 1 0 44 4 0 0 3 0 0 0 5 4 7 117 18 33 0 0 0 14 49 0 1 4
295 GGA 0 0 0 0 0 0 0 0 4 0 0 0 0 0 0 0 0 0 0 0 0 0 0 0 0 0 0 1 0 0 0 0 10 0 0 0 1 0 0 0 149675 1 24 5 6 0 0 0 3 0 1 0 0 0 0 0 2 0 1 0 0 0 0 0
296 TAC 0 0 2 0 1 0 0 0 0 1 0 0 0 0 0 0 0 3 0 0 0 0 0 0 0 0 0 0 0 0 0 0 3 1 2 1 0 3 0 0 0 0 0 0 0 0 0 0 6 161393 0 3 0 0 3 1 5 12 1 1 0 0 0 0
297 TCT 0 0 0 1 0 0 6 2 0 6 0 0 2 0 0 0 0 1 0 3 1 0 0 6 0 0 1 0 0 0 0 0 0 0 0 1 1 1 0 0 0 0 0 0 0 0 1 0 0 0 0 13 2 10 13 154777 1 0 1 0 2 0 0 2
298 TTA 3 1 0 0 1 0 0 1 0 1 1 0 2 0 4 0 0 0 0 1 0 0 0 0 0 0 5 0 4 0 12 18 0 0 0 0 2 0 0 0 1 1 1 0 1 0 0 0 8 4 2 0 6 0 2 5 0 0 3 0 164183 0 24 2
299 GTG 0 0 0 0 1 0 0 0 0 1 1 0 1 0 8 0 0 0 0 0 0 2 1 0 0 1 0 2 0 0 0 0 0 1 0 0 0 0 3 0 12 6 0 0 6 23 165640 16 0 1 3 0 1 0 1 0 0 0 0 0 0 0 8 0
300 GGA 0 0 1 0 0 0 0 0 7 0 0 0 0 0 0 0 0 0 2 0 0 0 0 0 0 1 0 1 0 0 1 0 12 2 0 1 1 2 1 0 166811 9 29 27 15 0 0 0 0 0 1 0 3 0 0 1 5 0 1 0 1 1 1 0
301 ATA 3 2 1 1 5 0 7 0 16 0 3 0 169380 5 34 14 4 2 1 0 2 0 0 1 33 0 3 2 1 3 6 0 0 0 0 0 0 0 0 1 0 0 0 1 12 0 1 0 0 1 0 37 0 4 1 2 0 0 0 12 5 0 4 0
302 GAC 0 11 0 0 2 0 0 0 0 4 1 0 0 2 0 0 4 5 2 0 0 3 2 0 0 0 0 3 0 1 0 0 4 163420 8 7 9 1 1 1 1 11 4 2 0 0 0 1 0 10 1 3 0 1 1 0 0 0 5 0 0 0 0 0
303 CCT 0 0 2 0 0 0 0 17 0 0 0 0 1 0 0 0 0 0 0 22 7 81 16 166967 0 0 1 1 0 0 0 6 0 0 1 0 2 0 0 1 1 0 0 0 1 0 1 3 0 0 0 0 0 1 0 14 1 0 0 1 0 0 0 0
304 TTC 1 0 0 0 0 0 1 1 1 0 1 2 46 1 13 0 0 0 0 0 0 0 0 2 0 3 2 0 0 5 13 2 0 2 0 0 0 0 1 0 0 2 1 0 4 2 16 2 0 2 1 8 2 9 1 1 0 0 0 6 19 166100 6 17
305 AAA 166167 1 30 0 6 0 7 1 28 2 2 0 1 0 1 1 2 0 0 0 0 0 0 0 0 3 0 0 1 0 1 2 5 0 1 0 1 1 2 0 1 1 0 0 3 3 2 0 1 0 2 0 3 0 0 0 0 0 0 0 0 2 1 0
306 CTG 1 0 0 0 0 0 0 0 1 0 0 0 0 1 10 0 3 3 1 0 1 1 4 0 0 1 1 0 92 0 162243 3 0 0 2 0 0 0 0 2 1 0 0 0 0 0 6 1 0 0 1 0 0 0 0 0 2 0 0 25 0 0 21 0
307 CTT 0 1 0 0 0 0 0 1 0 0 0 0 0 0 0 4 6 0 5 2 2 2 0 12 1 4 6 1 2 12 4 168239 2 0 3 0 1 1 0 0 0 0 4 0 0 1 1 4 1 0 0 0 0 0 1 0 0 0 0 4 2 0 5 3
308 CAA 6 0 1 3 0 8 0 0 0 0 2 1 0 0 0 1 173696 4 10 8 1 0 0 3 2 8 0 1 5 0 0 0 0 0 1 1 2 2 22 3 1 0 0 0 0 5 2 3 5 0 0 1 0 0 0 5 0 5 4 6 4 2 0 4
309 AAC 10 173322 29 15 1 31 1 0 7 50 24 0 3 10 2 0 5 4 7 0 0 0 0 1 2 16 30 28 2 2 21 0 1 12 1 2 4 4 29 10 9 6 75 15 4 1 22 8 0 0 0 0 0 14 0 0 0 0 4 0 5 3 11 1
310 AGC 0 33 1 2 2 0 5 123 2 173379 12 71 2 7 1 0 4 1 0 1 1 0 0 0 0 2 2 0 0 0 0 0 3 0 0 0 9 11 13 222 0 12 6 7 2 0 1 0 2 27 0 0 0 8 0 0 1 26 2 4 0 0 0 0
311 CAA 14 21 1 11 0 0 0 0 204 10 0 0 1 1 0 0 173204 1 20 1 3 1 1 1 26 89 137 5 3 1 0 0 0 0 2 1 1 3 9 0 2 0 2 9 1 9 3 9 2 2 1 0 9 0 6 38 1 2 0 1 0 0 0 0
312 GTA 0 3 0 0 0 2 0 0 0 0 0 0 25 4 5 0 1 0 0 1 1 1 1 0 0 0 0 2 1 1 11 0 1 0 1 0 18 1 0 0 1 0 4 3 174086 9 11 2 0 0 0 0 0 1 0 0 0 0 0 0 4 0 5 0
313 TAC 0 0 0 0 1 0 0 0 0 1 0 0 1 1 0 2 0 7 0 1 1 2 0 0 0 2 0 0 1 4 0 0 0 3 0 1 0 0 0 0 0 1 0 0 3 5 3 2 6 173835 2 242 3 2 6 6 1 16 2 2 0 1 3 0
314 AGC 0 18 0 0 0 0 1 1 9 173635 1 15 0 4 0 0 0 0 0 0 0 1 1 0 0 2 0 0 2 0 2 1 0 0 3 2 0 4 1 2 2 21 3 0 1 1 4 2 1 0 0 0 1 4 2 14 0 71 1 89 1 0 0 1
315 CTA 0 0 0 0 0 0 0 2 1 0 1 3 13 1 3 6 0 1 0 1 33 5 2 2 1 0 1 0 173939 26 60 8 1 1 1 0 2 1 0 0 0 1 5 3 0 2 4 0 10 0 1 1 1 0 0 1 0 0 1 0 35 0 24 3
316 ATC 0 1 0 0 1 10 1 0 0 9 2 12 16 173384 1 9 0 5 1 1 0 0 2 0 1 0 0 0 0 2 4 0 0 0 0 0 0 1 0 0 3 0 0 3 1 21 3 3 0 0 1 0 2 0 0 0 0 0 3 5 1 1 2 0
317 AGA 8 0 0 0 1 0 0 0 174162 1 40 2 16 0 4 0 0 0 1 0 0 0 0 1 2 7 8 1 0 0 0 0 0 0 0 0 0 1 0 0 38 1 0 0 0 0 1 0 0 0 0 1 2 1 0 0 1 0 2 1 0 1 0 0
318 CCG 0 1 9 0 0 1 4 2 0 0 13 5 0 1 0 0 0 3 19 3 49 36 172383 73 1 1 2 4 1 0 14 0 1 0 2 2 2 5 6 3 0 2 7 7 1 1 4 2 2 0 0 2 0 3 13 1 2 0 0 0 0 1 5 3
319 AAC 26 173514 11 76 0 26 6 5 0 28 33 10 0 8 3 1 1 5 6 0 0 1 2 1 11 2 67 8 2 2 0 1 1 19 13 3 15 4 3 3 15 47 72 45 1 1 0 1 0 3 4 0 1 0 5 4 3 0 0 1 0 1 1 2
320 GAG 0 0 13 0 0 0 0 1 1 0 0 1 0 0 3 0 0 0 1 0 0 0 0 0 0 0 0 0 0 1 0 0 30 0 174132 15 0 1 1 1 0 0 12 1 1 0 2 0 0 0 26 0 0 0 0 0 0 0 0 1 1 0 1 0
321 AAT 26 19 3 174085 0 0 0 3 1 0 1 14 0 1 1 1 0 1 0 4 1 2 3 1 0 0 5 5 0 3 0 0 2 0 8 13 1 0 0 2 0 5 1 0 13 0 2 5 0 0 0 3 0 5 0 0 0 0 4 0 0 0 0 5
322 CCA 0 0 1 1 7 3 1 0 2 1 1 4 1 0 1 0 19 0 1 2 173971 44 85 2 1 2 1 1 10 0 3 0 0 0 2 1 8 3 4 5 7 6 3 4 3 0 0 4 3 0 0 1 9 3 1 4 0 0 0 0 0 0 0 0
323 GCA 0 0 0 1 30 2 2 0 2 23 3 0 0 2 9 3 1 2 7 4 1 0 3 4 0 3 6 10 1 0 10 0 13 3 3 1 173747 2 6 2 2 5 7 1 41 0 1 1 0 2 1 0 17 1 8 1 3 2 6 66 1 4 18 17
324 CAC 6 3 1 3 0 0 0 0 0 0 0 1 0 0 0 0 5 174133 2 8 2 0 2 1 1 3 0 1 0 0 3 0 1 2 0 0 2 0 0 0 0 0 2 0 1 0 0 0 0 4 0 0 1 0 0 0 0 0 0 2 1 0 1 0
325 AAG 12 0 174221 7 0 0 4 0 1 0 16 0 0 0 5 0 0 0 2 0 1 0 0 0 0 0 0 0 0 0 0 0 0 0 13 0 1 0 0 1 0 0 1 0 0 0 0 0 0 0 1 0 0 0 0 6 0 0 0 0 0 0 0 0
326 AGT 0 0 0 26 0 0 0 0 2 27 1 174301 0 0 0 1 0 0 0 0 0 0 1 0 0 0 0 0 0 0 0 0 0 0 0 0 0 0 0 4 1 0 0 5 0 0 0 0 0 0 0 0 0 0 0 0 0 0 1 2 0 0 0 0
327 CAG 0 0 12 0 0 0 0 0 0 0 0 4 0 0 0 0 20 5 174087 10 0 0 3 0 0 5 19 0 0 0 1 0 0 0 0 0 0 0 0 0 0 0 0 0 0 9 0 0 2 0 4 0 0 0 0 0 0 0 0 1 1 0 0 0
328 CTG 0 1 2 4 2 0 2 0 0 2 0 0 0 3 8 0 0 1 6 0 0 1 3 0 0 0 8 0 63 46 173978 12 1 0 1 0 1 0 3 1 1 1 2 2 2 4 0 1 1 1 5 1 5 1 0 12 3 2 0 0 12 0 54 4
329 GTG 1 1 0 0 0 2 0 0 0 0 2 0 0 0 28 0 0 1 2 1 1 1 1 1 1 0 6 0 0 0 0 0 1 0 0 1 0 0 9 1 2 0 1 1 47 18 174035 36 0 2 1 0 2 1 0 4 1 0 0 0 2 1 1 0
330 TGG 0 2 0 0 4 0 0 0 0 1 0 1 2 0 2 0 0 0 0 2 0 0 0 0 0 0 6 0 0 0 1 2 0 0 0 0 0 1 1 2 0 1 4 0 2 0 0 0 2 0 7 0 0 2 0 2 19 1 174157 12 3 1 13 1
331 ATG 0 0 1 0 1 2 2 0 0 1 2 0 14 0 174211 16 9 1 1 0 0 2 1 1 0 1 1 2 1 0 15 2 0 0 0 0 1 1 0 1 0 0 1 0 1 0 20 1 8 2 1 0 0 1 0 0 0 1 2 1 2 3 6 0
332 GCA 8 3 1 0 37 3 0 4 0 0 1 2 0 3 0 0 1 2 0 0 3 4 2 0 0 0 0 34 0 3 0 0 6 0 2 0 174144 12 5 8 1 0 3 7 23 0 0 1 0 0 0 0 2 1 1 3 1 0 2 1 0 0 0 0
333 TGC 5 1 1 2 0 0 1 2 0 3 0 1 0 2 3 0 1 4 0 0 0 0 0 0 0 22 1 1 0 0 5 3 0 1 0 1 0 1 0 0 0 10 7 1 0 1 2 0 1 36 2 0 2 8 0 2 15 173766 2 196 0 5 1 0
334 AAT 6 7 3 174007 0 0 0 2 0 0 0 3 1 1 4 1 0 5 2 108 0 0 0 1 0 0 1 0 1 0 0 1 0 0 1 4 0 1 1 1 1 0 2 0 0 3 0 4 2 4 2 39 1 4 1 1 2 0 0 15 3 11 1 0
335 TCT 0 4 1 0 2 4 2 4 1 2 1 0 0 1 1 0 0 1 1 1 0 1 1 5 1 0 0 1 1 1 1 0 1 0 4 3 0 0 0 3 2 2 0 5 0 2 0 0 0 1 1 7 14 16 4 203320 0 1 0 14 0 0 2 8
336 GCT 2 3 1 0 8 2 0 73 0 6 0 8 0 0 0 0 2 1 1 1 0 1 0 1 1 0 1 1 8 4 9 0 2 8 0 9 21 110 6 202747 0 0 12 4 0 1 0 14 0 0 3 1 6 9 0 8 0 1 0 7 1 0 17 0
337 GCA 0 9 0 2 30 0 0 2 0 0 0 1 0 2 6 1 0 0 0 0 0 4 0 0 0 0 0 0 0 1 0 0 4 1 2 3 202583 4 22 3 9 0 1 2 20 0 2 0 0 1 0 0 10 1 0 0 2 0 2 1 0 0 1 0
338 TTT 0 0 0 0 2 0 0 1 0 0 0 1 1 0 0 5 1 0 0 0 0 0 1 0 0 0 0 0 2 0 0 8 0 0 2 0 0 0 0 0 6 0 3 3 3 1 1 2 0 0 1 1 0 0 0 6 0 2 2 1 1 25 2 202809
339 GAA 0 0 1 0 0 0 0 0 0 0 0 0 0 0 0 0 0 0 0 0 0 0 0 0 0 0 0 0 0 0 4 0 202758 33 76 52 0 0 0 0 31 0 0 0 2 1 0 0 13 0 0 0 0 0 0 0 0 0 0 0 0 0 0 0
340 GAT 2 0 1 19 0 0 0 1 0 1 0 1 0 0 0 0 0 0 0 1 0 0 1 0 0 0 0 0 0 0 1 0 0 15 3 203428 0 0 0 3 1 4 2 11 0 0 1 1 0 0 2 4 0 0 0 1 0 0 0 1 0 0 0 0
341 CTA 0 0 2 0 0 0 0 2 0 0 0 0 17 1 0 0 1 0 0 0 28 0 0 0 6 0 1 0 202679 0 18 5 0 0 0 0 0 0 0 0 0 0 3 0 0 3 5 3 0 0 0 0 0 0 0 0 0 0 0 0 0 0 0 0
342 AGA 9 0 0 0 0 0 0 0 202882 3 20 4 6 1 0 0 0 1 7 0 1 0 1 3 9 1 0 0 0 0 2 2 0 0 0 0 0 0 1 2 18 5 21 1 0 1 0 0 0 2 0 0 0 3 1 0 6 1 1 3 1 0 0 1
343 GTA 0 0 0 0 1 0 0 0 0 0 0 0 15 10 1 1 2 0 0 0 0 0 0 0 1 0 0 0 1 0 0 0 2 0 0 0 12 1 0 0 1 0 1 0 203015 1 12 2 0 0 0 0 0 1 0 0 0 0 0 0 3 0 1 0
344 TTA 0 0 0 0 0 0 0 0 0 0 2 0 0 0 0 0 0 0 0 0 0 3 1 1 0 0 0 0 6 4 0 5 0 0 2 0 0 2 0 0 3 0 2 0 2 0 1 4 0 0 0 0 12 3 0 2 0 0 0 0 203291 3 30 0
345 AGC 0 11 6 0 2 1 3 6 5 202653 3 15 1 3 1 0 2 0 1 0 0 0 0 0 1 8 3 3 0 0 1 0 0 0 0 0 1 4 1 2 1 8 3 0 0 1 0 0 0 1 0 0 7 0 4 1 0 1 5 3 0 0 2 0
346 TTC 0 0 2 0 3 0 4 0 0 3 1 0 1 1 3 0 7 0 1 1 0 0 0 0 0 0 0 0 0 4 0 1 0 1 0 2 1 0 0 1 1 2 3 3 1 10 27 2 0 3 0 0 1 14 0 0 1 1 2 3 4 202902 0 10
347 ATC 0 1 0 0 0 6 0 2 0 0 1 0 16 202899 2 13 0 0 0 0 0 0 0 0 0 8 0 0 0 0 0 44 0 0 0 0 0 0 1 0 0 0 1 0 0 8 1 0 1 1 0 0 0 1 1 0 3 4 0 0 0 1 1 0
348 AGA 15 1 1 0 0 0 1 0 203076 4 85 3 6 0 0 0 0 0 4 0 0 0 2 0 2 2 0 0 2 0 0 0 1 0 0 0 0 0 0 1 20 0 1 8 0 0 2 0 0 0 1 1 0 0 0 0 3 0 0 0 0 0 2 0
349 GGG 0 0 0 0 0 0 0 1 0 1 16 0 0 1 0 0 0 0 0 0 1 0 3 1 0 0 0 0 0 0 0 0 0 1 14 1 0 0 0 0 20 4 202922 18 0 0 9 0 0 0 1 0 0 0 0 2 1 0 14 1 0 0 0 1
350 ACC 0 3 17 0 15 203139 1 13 10 4 0 13 0 14 0 1 12 0 2 3 0 0 5 0 0 7 1 5 0 22 0 0 1 0 0 0 0 17 1 0 5 1 11 2 0 0 1 0 1 0 2 0 33 21 0 1 3 11 1 0 0 1 1 0
351 AAA 203087 7 42 2 2 0 1 0 10 1 0 0 1 0 1 0 3 0 0 1 0 0 0 1 0 0 0 6 1 0 0 9 15 0 0 0 0 0 0 0 0 0 0 0 2 0 0 4 2 0 0 5 0 0 0 3 1 2 0 12 0 3 1 3
352 GTA 0 0 0 0 1 0 0 0 0 0 0 1 17 0 1 1 1 1 2 0 0 0 0 0 1 0 0 0 81 0 0 1 0 0 0 0 12 1 1 2 1 0 1 1 203162 11 20 1 0 0 0 2 0 0 0 0 1 0 0 3 9 0 0 0
353 TCC 1 0 0 0 0 0 0 0 0 3 1 0 0 0 0 26 0 0 0 0 0 137 0 0 0 1 1 1 7 0 0 0 1 1 0 0 0 0 0 0 0 0 0 0 3 0 0 3 0 16 0 1 12 202508 3 4 0 0 0 0 0 108 1 0
354 CCA 0 0 0 2 25 0 0 0 2 4 0 3 4 0 1 2 15 0 0 0 202966 4 12 4 1 6 0 0 2 0 0 0 0 1 0 0 3 1 0 8 1 3 0 0 0 1 0 3 1 0 0 1 5 0 1 0 0 0 1 4 0 0 0 0
355 AGG 0 0 21 0 0 0 0 0 10 0 202961 6 0 0 36 0 0 0 0 0 0 0 0 0 0 0 10 0 0 0 0 0 0 0 0 0 0 0 0 0 1 0 21 0 0 0 0 0 0 0 0 0 0 0 0 0 0 0 0 0 0 0 0 0
356 GGG 0 0 0 0 0 0 0 0 0 0 7 0 0 0 0 0 1 0 0 0 0 0 0 0 0 0 1 0 0 0 0 0 0 0 14 3 1 0 0 0 34 0 200111 10 1 0 3 1 0 1 0 0 0 0 0 0 1 0 14 1 0 1 0 0
357 AAA 202570 4 2 1 2 0 1 0 8 0 0 0 0 0 0 0 0 0 1 1 0 0 0 0 0 0 0 0 0 1 0 0 36 1 0 0 0 0 0 0 1 0 0 0 0 0 1 0 1 0 1 0 0 0 0 5 0 0 0 19 0 2 0 0
358 CTT 0 0 0 0 1 0 1 1 0 0 0 0 0 0 1 6 0 0 1 0 0 0 1 7 0 0 1 5 2 16 1 202941 1 0 0 0 0 1 1 0 0 0 1 0 0 0 7 0 0 0 0 0 0 0 0 0 1 2 0 1 0 0 49 7
359 TCC 24 1 90 4 0 8 3 0 9 1 1 2 0 0 0 0 0 0 2 5 0 19 0 0 65 1 1 0 0 0 2 14 2 3 2 1 9 22 0 2 1 2 2 6 0 3 0 0 0 2 2 0 26 203138 45 13 0 0 1 0 11 5 0 0
360 ACT 0 0 0 6 0 9 3 203469 0 3 0 1 0 0 0 4 0 0 0 1 0 0 0 2 1 0 1 0 0 0 3 0 0 0 0 0 1 1 1 7 0 0 0 0 1 2 11 3 0 0 0 1 1 0 6 1 0 0 0 0 0 0 0 2
361 AGA 8 0 1 0 0 0 0 0 203498 1 18 0 3 0 3 0 1 1 0 4 3 0 0 0 11 2 9 6 0 0 0 0 0 0 0 1 0 0 0 0 8 0 0 0 0 0 0 1 1 0 0 2 0 0 0 0 2 1 0 0 0 1 0 0
362 GGA 0 0 2 0 0 0 0 0 7 3 2 0 0 0 0 0 1 0 0 0 1 0 2 0 0 0 0 0 0 0 0 0 5 0 0 0 0 0 1 0 203013 7 52 6 15 0 2 2 0 1 0 0 0 0 0 0 17 0 2 0 0 0 0 1
363 GTA 0 0 0 0 0 0 0 0 0 0 0 1 19 9 0 6 1 0 0 0 0 0 0 1 1 0 0 0 0 11 0 0 0 1 2 0 25 0 0 0 1 1 0 0 202645 19 97 1 1 1 0 4 0 0 0 0 1 0 0 3 26 0 0 0
364 CAA 4 2 1 0 0 0 7 2 1 0 0 0 2 1 63 31 203189 1 26 2 1 2 0 0 9 0 0 0 1 1 2 0 0 0 0 0 0 1 1 0 0 0 1 0 2 0 0 0 2 0 0 1 1 0 33 5 0 2 0 5 0 0 2 31
365 ATT 0 0 0 4 0 1 0 11 2 2 5 0 2 1 0 203378 1 0 0 0 0 0 0 1 0 0 0 0 0 0 0 4 0 0 1 0 1 1 0 0 0 0 0 1 2 0 3 8 0 0 0 0 0 0 0 0 6 0 3 3 0 0 0 1
366 GCT 0 0 0 2 1 0 0 15 0 0 0 1 0 0 0 0 0 0 0 0 0 0 0 0 0 0 0 1 0 2 0 0 0 0 0 3 0 15 4 203444 0 0 2 1 0 0 0 4 0 0 0 0 0 0 5 7 0 0 1 0 0 0 4 0
367 TCA 0 14 0 26 5 2 3 0 0 0 2 0 0 2 0 0 0 0 2 0 10 0 0 0 1 0 2 1 2 0 1 0 2 0 1 0 4 0 7 2 3 6 15 4 2 1 0 1 10 1 0 6 203314 2 10 0 1 1 4 1 6 2 0 1
368 AAT 3 10 3 202965 11 4 10 10 0 5 1 20 6 1 4 0 1 0 4 4 0 0 0 2 0 0 5 1 10 12 0 0 0 0 0 9 5 4 4 0 2 1 12 8 0 7 1 0 0 0 0 0 5 1 12 0 1 10 1 0 2 4 1 0
369 GAA 8 0 1 0 0 0 0 0 2 0 0 0 0 1 0 0 2 1 0 0 1 0 0 0 0 0 0 0 0 0 0 2 203698 4 33 0 1 2 1 2 11 0 4 4 0 0 0 0 7 0 3 0 0 2 0 1 0 0 0 0 0 0 1 0
370 AAC 2 202866 0 6 1 11 2 0 1 28 2 0 7 8 0 0 9 12 3 2 0 0 1 0 3 0 2 2 0 2 0 0 0 15 6 11 0 0 0 0 1 3 0 5 1 0 0 2 0 4 0 0 0 0 0 4 0 2 1 1 11 3 8 1
371 ATG 1 0 0 1 1 0 6 0 1 4 2 1 28 2 203512 11 0 0 0 2 1 0 0 3 0 0 1 0 0 8 1 0 0 2 7 0 0 0 1 1 0 1 4 1 0 0 6 0 0 2 1 0 0 0 2 0 1 2 2 15 8 0 2 0
372 GAT 0 0 1 31 0 0 0 0 0 0 0 0 0 0 0 4 0 1 0 5 0 1 4 0 0 0 0 0 0 6 4 0 10 19 59 203080 0 1 4 1 0 6 6 19 1 1 0 0 0 0 1 0 0 1 0 0 0 0 1 1 0 0 1 5
373 GCT 0 7 1 0 0 0 0 54 4 6 47 4 0 2 7 1 0 0 79 7 0 5 1 1 6 2 0 0 0 0 1 1 0 1 4 6 11 60 15 203145 2 0 1 2 2 1 0 17 1 1 0 0 0 0 0 16 0 26 2 0 0 0 0 1
374 ATG 0 0 0 0 0 2 7 0 0 0 3 0 44 3 203296 23 0 0 0 0 1 1 1 1 0 0 0 2 2 0 6 19 0 1 0 1 0 0 0 0 0 2 1 0 2 1 6 0 3 0 4 0 0 0 0 0 1 2 0 1 0 0 0 0
375 GAA 9 0 0 1 1 0 0 0 0 1 1 0 0 1 0 6 1 0 1 0 1 0 0 0 6 0 1 0 0 0 0 1 200938 2 16 0 2 4 1 0 21 1 7 0 3 3 18 4 17 0 1 3 0 0 0 0 1 5 2 0 5 0 1 0
376 TCA 0 2 0 0 3 2 0 0 0 48 0 8 0 0 0 0 6 5 0 2 5 0 0 0 1 1 0 1 3 0 0 0 3 2 1 0 3 2 0 10 5 3 17 10 7 1 18 3 15 0 0 0 181406 3 99 11 2 1 9 8 1 0 0 1
377 AGT 0 15 7 59 9 0 4 0 0 20 4 200742 2 1 33 4 0 4 1 4 2 1 0 2 0 0 15 31 1 3 0 5 0 0 0 0 0 11 1 51 5 0 6 7 2 20 1 0 0 0 2 1 1 0 4 2 1 1 0 11 0 9 1 1
378 ACT 0 0 0 7 1 10 6 180484 2 0 19 4 0 1 2 9 0 0 0 1 0 1 1 3 18 3 8 2 0 4 3 0 0 0 1 0 3 8 5 4 0 2 6 6 2 3 0 0 0 0 0 0 1 1 16 0 1 0 1 1 4 0 1 0
379 CTT 0 0 5 0 1 1 0 0 0 0 1 0 0 2 1 20 0 0 0 0 0 0 0 21 4 1 2 3 10 41 21 176186 6 0 1 0 0 0 0 0 1 0 6 1 2 4 1 0 0 1 1 0 0 0 0 1 0 0 0 1 0 1 0 2
380 GAA 7 2 0 0 2 1 0 1 0 0 5 1 0 1 0 0 4 0 1 1 0 0 0 0 0 0 0 1 0 1 0 0 201311 0 16 0 8 0 0 0 12 0 3 17 1 4 0 0 22 0 3 3 0 3 0 0 0 0 2 1 0 0 0 0
381 CTG 1 0 1 0 1 0 0 2 0 1 3 0 1 1 10 9 1 0 3 1 0 0 13 0 1 0 1 1 31 0 199827 14 5 3 0 2 0 3 0 1 1 1 1 3 1 1 0 0 0 0 2 0 0 0 3 0 0 4 0 0 1 4 14 0
382 AGA 9 196 5 0 0 1 1 1 196488 1 55 0 4 0 0 0 0 1 0 0 2 1 3 1 11 7 2 5 4 0 1 0 0 1 2 0 0 0 0 0 30 1 4 0 0 0 1 0 7 1 1 0 1 2 2 0 8 0 0 0 0 1 2 0
383 AGC 0 15 1 1 12 2 16 2 6 200725 6 120 2 7 1 1 4 1 1 0 0 3 3 0 1 4 0 0 0 0 0 2 0 0 1 6 3 2 16 2 4 11 6 7 1 0 52 7 1 1 0 2 0 4 32 23 5 1 1 1 2 0 1 2
384 AGG 13 2 59 0 1 0 2 0 48 1 197892 3 1 0 12 2 0 0 6 3 0 1 1 0 9 6 159 3 0 3 2 0 0 0 2 0 4 1 1 0 2 2 54 1 3 0 1 0 0 0 3 5 0 0 0 3 0 2 2 6 0 1 2 1
385 TAC 0 0 0 1 0 1 0 0 1 1 9 1 1 0 0 0 0 14 0 4 0 6 0 0 1 5 2 0 0 1 0 0 2 3 0 0 0 7 1 0 2 0 2 2 0 0 0 0 9 197648 4 15 67 1 0 3 0 10 2 3 0 1 1 2
386 TGG 0 0 0 4 0 0 4 0 35 0 13 3 0 0 3 0 0 2 0 1 0 0 1 0 6 3 14 0 0 0 0 0 0 0 1 1 2 1 1 3 3 6 3 0 0 0 4 0 0 1 12 1 0 0 3 0 11 0 192839 7 0 0 11 2
387 GCC 1 0 0 0 1 20 0 0 0 0 0 0 0 0 0 0 0 0 0 1 0 5 0 0 0 0 0 0 0 0 0 0 0 4 0 2 16 189146 52 5 8 1 3 3 1 42 4 2 4 0 0 0 0 4 0 32 0 0 1 2 0 0 0 0
388 ATA 4 0 0 0 19 0 0 0 6 1 6 0 195928 2 42 0 0 1 0 0 0 0 0 0 3 0 1 3 4 0 1 0 0 0 2 0 2 0 1 0 0 2 3 1 5 0 0 0 0 0 1 1 2 0 1 1 0 0 0 0 3 0 3 0
389 AGA 15 1 1 0 0 0 0 0 191750 2 7 1 9 0 0 1 0 0 0 2 0 0 0 0 25 1 1 1 0 0 0 0 0 0 5 0 0 0 0 1 14 0 0 3 0 2 0 1 0 0 2 0 1 0 0 1 4 0 1 1 0 0 0 0
390 ACC 1 2 1 2 8 188852 2 6 0 7 0 1 0 2 0 0 0 1 1 1 0 0 2 0 2 1 0 0 0 0 1 2 0 4 0 0 0 4 2 0 2 3 0 0 3 0 0 2 1 1 0 0 0 0 2 0 5 2 0 0 0 0 0 0
391 AGA 15 1 4 1 0 0 1 0 190440 1 11 0 6 0 1 3 2 0 0 0 0 0 0 0 41 19 6 2 0 1 0 0 1 0 0 0 1 2 2 1 9 4 1 1 1 0 1 0 2 0 1 2 0 0 2 0 2 0 1 0 3 5 4 5
392 AGT 5 1 0 15 0 0 0 2 2 12 2 199598 2 0 2 1 1 0 0 0 0 0 0 0 1 0 0 7 0 0 0 0 1 0 1 1 1 0 1 1 6 2 1 4 0 0 0 1 1 4 0 0 8 22 9 27 0 0 0 2 0 1 2 1
393 GGA 0 1 0 0 0 0 3 0 7 1 0 0 0 0 0 0 0 0 0 0 0 0 0 1 1 0 2 3 0 0 0 0 7 0 0 0 2 1 0 0 203135 19 100 18 6 0 0 0 0 0 0 0 0 0 0 0 12 0 0 0 0 1 0 1
394 GGA 0 0 0 0 0 0 0 0 21 0 0 0 0 0 0 0 0 0 0 0 0 0 0 0 0 0 0 0 0 0 1 0 17 0 0 0 1 0 1 0 203116 0 24 6 4 0 0 0 1 0 0 0 0 0 0 0 7 4 1 0 0 0 1 0
395 AAC 12 202662 21 25 2 6 60 11 2 22 11 5 0 1 0 0 8 1 20 1 0 1 0 0 12 1 29 109 0 2 0 2 0 11 1 0 1 4 4 1 134 2 9 2 3 0 5 14 1 0 2 1 2 1 4 0 3 1 1 7 0 0 0 0
396 ACT 2 9 5 7 3 34 17 202619 25 65 183 53 6 1 2 10 5 3 14 0 2 2 4 0 2 11 16 24 10 3 33 40 1 0 1 0 11 0 5 20 15 2 0 8 0 3 29 8 2 9 0 5 1 2 4 1 2 5 2 19 13 1 6 3
397 AAT 2 16 9 203075 0 0 3 15 1 9 17 9 36 4 0 1 0 9 21 6 0 0 3 0 11 2 12 2 1 0 11 5 1 1 0 10 6 6 8 2 0 9 9 2 1 2 4 12 0 0 0 5 18 0 18 17 2 42 30 5 8 1 7 8
398 CAA 40 2 2 0 0 0 1 4 108 4 60 1 0 8 0 0 202644 16 12 6 3 4 4 1 21 96 5 53 6 1 0 0 1 4 2 0 1 1 0 1 12 6 5 10 9 1 0 7 5 5 0 1 19 0 0 4 1 2 11 2 7 1 0 2
399 CAG 1 3 15 0 0 4 3 19 2 0 59 0 4 0 4 1 21 5 202431 11 16 4 4 31 30 49 51 62 6 38 5 0 0 0 5 8 1 6 8 2 12 14 131 0 2 3 6 2 0 0 15 0 3 9 9 2 2 1 5 22 1 56 7 8
400 AGG 2 0 48 0 0 0 3 3 21 0 202754 6 0 5 14 1 0 0 8 0 0 2 1 1 23 25 14 3 1 0 1 3 0 1 1 0 0 1 2 2 2 0 49 0 0 0 0 0 0 1 1 0 2 0 6 0 0 0 6 1 1 0 5 3
401 GCC 15 14 16 0 1 28 2 0 4 2 8 12 0 2 11 0 8 4 1 0 152 4 0 6 4 15 37 39 1 0 5 0 0 9 2 0 28 202886 7 8 6 16 16 0 0 72 0 0 0 0 1 1 3 39 0 15 1 0 0 11 0 0 0 1
402 TCT 2 1 13 1 0 0 6 4 2 1 13 26 0 0 0 0 0 123 0 0 4 1 0 28 33 2 21 0 1 1 3 1 4 1 5 3 0 10 27 2 0 4 18 4 2 0 2 0 0 7 0 8 6 96 16 202809 0 3 1 0 0 1 2 6
403 GCA 11 62 1 21 67 0 11 9 5 1 26 1 21 0 1 1 0 11 3 0 5 88 3 0 0 6 14 16 4 4 1 0 3 1 0 0 202692 40 88 1 11 1 7 2 119 1 26 0 0 1 0 6 5 0 0 10 1 25 0 4 2 0 0 1
404 GGT 0 3 1 0 1 4 0 0 1 14 10 13 9 0 0 3 0 0 0 0 0 2 3 1 0 0 0 4 0 4 0 1 0 1 0 27 3 4 19 21 77 91 24 202975 11 2 1 8 0 1 4 0 0 9 4 8 2 1 4 16 0 0 6 0
405 CAA 17 0 0 1 0 1 0 0 0 0 0 1 0 0 0 0 203565 2 115 0 1 2 0 1 7 0 0 0 0 0 0 0 0 1 2 0 0 1 1 0 0 0 2 0 0 0 0 3 3 0 0 0 1 0 0 1 0 0 0 0 0 0 0 0
406 ATC 3 2 0 0 4 16 5 0 24 2 0 0 24 203548 0 33 0 1 0 0 0 0 0 0 0 1 1 1 0 1 1 0 0 0 0 0 0 0 0 0 0 0 0 1 0 11 0 0 0 0 1 4 0 21 11 0 0 0 0 0 0 3 0 3
407 AGT 0 0 0 19 0 1 9 1 0 11 1 203501 0 1 0 4 15 0 0 0 0 0 0 0 0 0 0 2 0 0 0 0 0 1 0 0 0 2 0 3 1 1 13 29 0 0 0 0 0 0 0 0 1 0 8 0 0 0 0 35 0 2 0 0
408 GTG 0 0 0 0 0 0 0 0 0 0 0 0 0 0 28 0 0 0 0 0 0 0 0 2 0 0 0 0 0 0 2 0 0 0 1 0 0 0 12 0 1 0 0 0 108 0 203264 19 0 0 1 0 0 0 2 0 0 0 0 6 0 0 4 0
409 CAA 3 4 0 0 5 66 0 0 0 15 2 0 3 7 1 0 202959 26 16 2 4 0 3 0 5 0 1 2 1 0 6 8 0 0 1 0 4 0 34 11 7 0 9 1 17 3 17 1 77 9 1 26 15 10 166 38 0 0 29 15 2 0 2 7
410 CCT 0 0 0 0 1 0 0 3 1 1 0 4 0 0 0 0 2 1 1 8 12 85 3 203120 0 0 0 0 0 1 0 5 0 0 0 0 6 4 62 1 0 0 11 7 3 0 1 3 1 0 1 0 0 0 12 40 0 18 0 5 0 0 0 0
411 GCA 0 0 0 0 135 0 0 0 1 53 3 2 0 0 0 0 0 0 0 3 0 7 0 0 1 0 0 0 0 0 0 0 4 1 1 0 203252 4 3 0 0 0 2 0 63 0 1 4 0 0 0 0 16 50 4 19 0 0 0 0 0 0 0 0
412 TTT 0 0 0 0 0 4 0 0 0 1 0 0 1 1 0 4 0 0 0 0 0 0 0 0 0 0 1 0 24 0 5 12 0 0 0 0 0 0 2 0 0 1 2 0 5 0 5 2 0 27 2 2 0 0 1 4 0 2 4 13 0 25 7 203452
413 TCT 0 0 0 2 0 0 1 2 0 76 2 21 1 0 0 3 0 0 0 1 1 0 2 12 9 0 0 5 0 0 1 1 1 0 0 0 2 3 3 0 2 1 14 3 0 0 1 0 6 2 1 6 19 46 24 203323 0 2 0 1 3 0 0 15
414 GTG 0 0 1 0 9 7 6 3 0 1 1 4 0 0 19 0 3 0 2 2 0 0 0 0 0 0 1 1 0 5 8 35 0 0 1 0 18 4 13 2 3 0 15 6 59 14 203124 11 0 2 2 1 1 0 6 1 6 1 0 32 0 0 37 6
415 CAA 3 0 2 0 0 1 21 14 17 3 3 37 0 0 4 0 202771 4 14 0 0 0 8 3 12 6 163 16 3 4 22 26 9 1 18 0 14 34 15 80 2 15 39 8 6 37 29 0 21 12 2 9 0 1 93 28 0 0 10 2 5 1 16 10
416 AGA 9 0 0 10 0 2 1 0 203519 1 20 0 4 1 0 0 0 0 0 3 0 0 0 0 9 8 15 8 0 0 1 0 0 0 0 0 0 2 7 2 23 1 3 0 0 0 2 1 0 1 2 0 0 2 1 0 1 0 0 1 2 0 2 0
417 AAC 20 201702 32 24 71 44 17 1 3 8 13 10 1 3 0 5 0 15 15 1 6 1 0 1 45 3 1 0 1 3 20 16 2 11 0 0 5 19 2 7 1 8 41 3 3 12 3 41 0 4 0 1 0 0 4 4 0 8 4 5 3 1 33 1
418 CTC 0 0 0 0 0 1 12 0 0 1 0 0 1 46 0 0 0 2 3 0 0 19 0 0 0 0 0 0 10 186725 23 25 2 0 0 0 0 3 12 2 0 1 0 2 0 1 19 4 1 0 0 0 0 0 0 0 0 14 0 6 1 14 2 0
419 CCA 4 0 3 0 14 0 1 0 4 1 5 3 0 6 3 6 18 0 2 0 186546 3 19 8 1 3 1 2 10 0 3 1 3 1 4 0 5 3 21 14 1 0 0 16 1 2 7 24 0 0 2 1 8 0 0 0 0 0 0 8 2 0 3 0
420 TTT 0 2 0 2 9 31 0 2 0 0 1 32 10 2 6 12 0 42 0 0 0 0 0 0 0 0 1 0 0 10 10 7 0 2 4 0 35 19 23 13 4 2 5 3 56 4 56 10 1 0 0 18 12 9 4 60 0 3 5 9 7 38 55 186015
421 GAC 2 144 3 4 14 55 15 11 0 88 0 18 0 170 1 3 16 97 0 1 1 0 2 0 28 13 1 0 144 5 1 0 6 185821 1 24 0 17 30 16 2 32 5 2 116 1 43 14 0 46 2 5 7 0 121 4 2 8 5 0 35 4 12 5
422 AAA 186604 27 49 6 24 10 0 1 19 3 114 4 10 0 1 1 6 3 7 0 0 1 2 0 0 0 21 1 1 0 0 15 11 2 2 0 0 9 0 13 1 0 26 1 1 2 10 0 0 0 2 1 0 0 2 17 0 1 5 3 6 8 1 17
423 CCA 98 11 0 15 17 0 1 1 10 23 53 30 0 0 0 0 25 13 11 0 185318 17 22 15 276 49 183 13 7 0 0 1 1 0 0 1 36 3 17 0 214 26 98 85 2 0 4 4 0 11 1 2 18 4 13 5 0 3 3 9 10 0 7 12
424 ACC 0 138 8 4 33 186370 1 43 5 50 3 2 0 50 6 2 12 11 4 1 0 5 5 0 2 6 6 2 6 6 18 4 1 7 3 10 2 30 1 8 1 1 5 2 0 6 14 4 0 3 0 2 5 25 20 3 0 1 8 3 1 2 0 8
425 ATC 0 0 0 0 0 22 6 3 1 0 0 2 43 186889 0 15 0 1 0 0 0 0 0 0 0 0 0 0 4 2 2 0 0 1 4 0 0 2 2 10 1 0 2 2 1 20 30 3 1 0 0 2 0 0 1 1 2 15 0 9 3 0 5 0
426 ATG 1 5 5 9 3 1 7 2 6 8 2 2 10 14 186194 50 1 4 1 0 0 1 3 0 1 0 4 1 1 84 19 7 0 0 0 0 13 13 9 1 4 3 4 1 13 1 28 4 0 0 1 0 5 4 2 5 0 10 0 1 10 1 7 0
427 GCA 3 0 1 0 81 2 0 17 109 3 11 4 0 0 18 4 2 7 20 3 0 7 0 1 1 10 18 2 0 2 5 1 8 0 7 2 185791 4 27 62 21 15 30 14 120 3 9 2 0 21 0 10 2 34 181 10 6 9 7 7 38 3 49 17
428 GCA 0 3 1 2 137 1 2 6 3 51 1 5 2 2 0 0 4 19 4 0 2 1 2 0 3 2 4 1 1 0 0 0 7 0 0 3 186268 5 25 3 15 5 18 7 197 0 24 5 2 0 2 2 16 0 0 4 2 5 2 12 0 0 0 2
429 TTC 1 2 2 1 0 1 0 0 2 4 0 3 1 4 0 2 2 2 3 1 1 4 0 1 0 0 1 2 0 20 3 5 0 0 2 0 0 0 1 1 2 3 2 3 15 10 2 2 1 75 0 221 1 7 3 1 7 10 2 6 36 186356 13 39
430 ACT 5 0 11 12 20 49 27 186340 2 0 14 60 0 2 6 9 1 0 7 0 0 26 0 3 6 0 0 0 0 7 0 0 2 2 0 0 2 0 21 17 5 17 114 7 0 2 4 3 0 4 0 0 2 3 10 4 3 0 53 58 1 1 0 0
431 GGG 8 0 1 0 0 0 4 10 0 1 23 11 0 0 0 1 0 25 3 5 2 1 1 0 0 0 1 0 0 0 0 0 0 0 14 1 8 0 21 9 103 18 186739 66 4 4 20 14 0 1 4 57 3 1 11 5 2 0 38 26 3 7 0 7
432 AAT 8 15 3 186235 17 2 3 25 0 2 3 63 0 0 2 40 0 7 41 23 0 5 0 5 2 6 14 67 11 1 5 60 0 2 4 12 5 1 5 4 15 3 21 17 6 2 16 5 0 17 1 9 6 5 12 0 0 9 21 40 2 33 2 8
433 ACA 10 0 7 4 186420 25 62 16 5 0 1 2 75 0 9 2 18 0 1 1 0 23 0 0 12 0 1 1 0 1 1 1 3 3 2 9 64 0 0 0 2 2 0 11 1 10 41 0 0 2 5 0 2 2 1 1 3 5 11 2 30 2 3 7
434 GAG 3 0 21 0 0 0 0 0 1 1 4 18 0 8 6 11 0 0 20 0 0 0 17 1 1 1 12 0 0 11 2 0 33 1 186439 41 3 12 10 4 7 5 39 10 5 3 161 35 0 0 11 0 0 1 13 0 0 0 3 3 0 0 8 3
435 GGA 0 0 0 0 0 0 0 1 9 2 2 3 0 0 0 1 0 0 0 2 0 0 8 0 0 0 0 1 0 0 0 0 15 0 0 2 1 0 5 0 186594 2 141 14 11 0 1 3 0 0 0 0 5 3 0 0 4 1 0 1 0 0 0 2
436 AGA 27 1 0 0 1 0 0 0 186667 1 54 2 33 0 0 2 0 0 0 1 0 0 2 0 45 3 25 58 0 0 0 1 1 0 15 0 0 0 2 0 12 0 2 3 0 1 4 0 2 2 0 0 0 3 0 0 2 0 4 0 0 0 4 0
437 ACA 6 0 0 0 186638 5 19 11 0 4 1 1 5 0 0 0 2 0 2 0 2 3 1 0 0 0 1 0 0 1 0 0 0 4 11 0 51 0 2 3 1 1 10 1 1 0 2 1 0 1 0 1 13 0 2 1 15 5 1 2 2 0 0 0
438 TCA 6 12 2 4 4 1 1 0 3 2 1 13 0 1 17 0 0 11 7 0 9 17 1 0 0 0 2 3 4 1 0 0 1 0 3 0 10 6 58 2 40 47 203 8 1 5 0 1 14 0 0 9 186495 5 95 1 0 2 2 1 7 2 5 0
439 GAC 0 13 0 4 0 0 0 0 1 0 1 1 1 0 0 0 0 0 0 0 0 0 0 0 4 0 0 0 0 0 0 0 4 187073 4 5 0 1 0 0 1 7 1 0 0 2 0 30 2 17 0 0 0 0 0 0 0 3 1 2 0 0 0 0
440 ATG 0 2 36 3 0 0 11 1 1 0 6 1 13 0 186516 10 1 1 1 3 2 1 2 0 0 1 1 0 1 0 3 1 0 2 1 4 1 2 10 1 0 2 8 3 1 0 8 0 0 38 0 14 1 0 0 2 1 3 18 1 3 0 3 6
441 AGG 0 0 9 0 0 0 1 0 18 0 187072 22 0 0 45 0 0 0 0 0 0 0 0 0 0 0 6 13 0 0 1 0 0 0 1 2 2 0 0 0 1 0 26 0 0 0 1 1 0 0 0 0 0 0 0 1 0 0 3 0 1 0 0 0
442 GCA 7 18 12 4 127 45 23 1 4 11 4 1 0 4 6 0 1 2 4 0 1 0 0 0 1 4 0 1 5 1 5 0 10 4 1 4 186626 36 51 17 6 6 4 16 39 3 39 33 1 3 0 1 22 22 33 7 0 5 4 1 1 1 2 0
443 GAA 13 2 0 26 0 0 0 1 1 0 2 1 1 0 0 0 0 2 1 0 0 0 0 0 0 0 1 0 0 0 0 0 187067 4 13 3 6 0 0 1 18 0 2 1 0 0 0 2 4 0 0 0 4 0 0 6 0 1 3 3 0 0 0 0
444 ATT 0 0 1 1 0 0 2 5 1 0 0 3 0 14 1 186761 3 0 1 0 0 0 0 0 2 0 0 2 0 1 1 1 0 1 0 0 1 1 2 1 0 2 6 4 3 1 33 59 0 0 0 0 1 0 1 3 0 1 2 2 1 0 0 2
445 ATA 1 0 1 1 9 4 0 0 0 1 5 0 186878 4 27 1 3 0 1 0 1 0 0 0 0 0 1 1 1 2 0 0 2 0 0 1 8 1 2 0 2 1 3 0 11 1 3 31 1 0 1 0 0 0 0 0 0 6 1 6 0 2 5 0
446 AGG 5 3 45 3 23 4 58 18 29 18 175289 13 3 1 28 13 10 5 2 7 2 11225 4 1 9 22 58 31 6 1 1 0 2 3 22 26 6 4 36 8 4 25 59 42 0 4 16 13 1 2 0 0 12 2 7 4 1 4 8 9 6 0 2 0
447 ATG 0 0 14 0 14 0 3 3 2 1 21 1 31 0 186930 14 1 2 1 1 0 4 0 0 3 0 2 18 0 0 11 7 0 0 2 0 0 0 3 8 10 1 5 5 0 0 25 0 1 1 5 5 2 4 6 0 1 1 1 1 0 0 13 3
448 ATG 0 0 1 0 0 0 7 0 0 0 1 1 23 0 187082 9 1 0 0 1 0 0 0 0 0 0 11 0 0 0 5 0 1 0 0 0 9 0 0 0 1 0 2 1 0 4 38 0 0 0 0 0 0 0 0 0 1 0 4 0 0 0 18 0
449 GAA 12 0 0 0 3 0 0 0 4 1 1 9 0 0 1 0 1 0 0 0 0 1 0 0 0 1 1 0 2 1 0 2 187049 9 55 2 0 0 0 0 34 1 8 5 2 0 1 3 1 0 0 0 13 0 5 0 1 0 0 0 0 0 0 2
450 GGT 17 43 0 16 1 3 12 4 4 7 0 50 3 7 1 0 0 0 0 20 0 2 1 3 8 35 13 6 0 2 0 0 1 1 2 134 3 5 0 2 4 37 41 186647 0 0 1 13 0 39 0 22 0 51 1 3 0 0 10 49 0 0 21 0
451 GCA 0 1 9 2 154 0 0 9 3 44 1 13 3 14 12 1 1 91 18 0 2 2 0 3 9 17 1 14 0 0 55 1 28 0 7 1 185623 4 108 2 12 43 46 18 142 5 1 1 0 453 1 4 34 0 2 0 0 8 6 3 0 42 9 3
452 AAA 187126 30 12 3 2 0 0 0 11 0 0 0 6 14 0 2 4 0 3 4 22 0 0 2 8 0 7 0 0 0 7 0 16 2 0 0 1 0 1 6 1 0 11 0 0 1 8 0 0 0 0 0 0 0 0 8 0 0 3 0 0 0 4 0
453 CCA 0 3 0 0 1 1 2 0 61 2 2 5 0 1 2 0 18 0 18 0 186654 7 17 3 8 0 3 6 4 22 11 3 0 2 0 0 4 3 0 1 49 5 54 6 0 15 0 1 0 24 0 0 6 0 0 3 0 1 24 6 0 0 1 0
454 GAA 17 0 0 0 0 1 0 2 7 8 2 0 0 0 0 0 12 1 0 0 12 7 0 0 1 3 3 0 224 49 0 1 186915 1 2 1 1 5 6 2 27 3 40 1 1 30 26 3 7 30 0 0 0 18 11 8 0 9 6 0 24 1 0 28
455 GAA 11 2 0 6 64 3 20 4 31 0 0 3 58 1 9 22 31 24 15 7 4 1 1 2 15 3 6 1 7 0 25 68 186421 8 28 0 16 1 9 4 49 2 63 1 10 289 7 40 4 5 0 12 0 12 26 23 1 7 2 30 4 2 1 1
456 ATG 4 0 30 0 0 0 1 0 4 0 6 4 16 0 187023 3 0 4 23 7 2 0 0 0 2 1 14 2 4 0 4 1 0 0 1 0 0 0 6 0 14 7 23 0 0 1 64 0 0 7 0 3 50 2 11 0 1 2 17 12 3 15 15 8
457 TCC 1 2 0 0 0 11 0 1 1 1 0 3 0 0 0 0 6 37 1 5 4 15 5 1 12 5 3 1 52 6 29 13 0 3 0 0 6 4 10 4 1 12 1 3 0 2 0 1 1 17 0 0 200 186246 70 112 0 0 0 1 1 4 12 0
458 TTC 0 0 0 0 0 0 0 1 0 0 0 0 0 1 0 0 0 1 0 26 0 0 0 0 0 0 0 0 0 18 0 1 1 0 0 0 0 0 0 0 1 1 5 1 0 2 0 1 1 0 1 1 0 6 0 1 2 4 34 0 13 186949 2 11
459 CAG 1 0 24 2 0 0 0 9 38 1 23 1 0 1 2 2 28 3 186555 20 0 0 5 2 0 0 212 2 0 0 14 5 0 0 3 1 3 0 0 0 21 7 32 9 3 6 2 14 0 0 3 2 0 0 8 5 0 0 0 0 0 0 0 13
460 GGG 0 1 0 0 0 0 0 0 5 0 49 0 0 0 7 0 0 0 2 0 0 0 0 0 6 1 62 1 0 0 0 1 0 0 3 0 1 3 0 0 35 1 152818 4 2 0 7 0 0 0 0 0 0 0 0 0 0 0 32 1 1 0 1 1
461 CGG 4 0 0 0 0 0 0 0 0 0 9 1 0 0 0 0 0 0 26 0 0 0 1 0 31 2 133542 25 0 0 29 0 0 0 0 0 0 0 1 0 0 0 4 0 0 0 0 0 0 0 0 0 0 0 0 0 0 0 10 0 0 0 0 0
462 GGA 0 0 0 0 0 0 0 0 6 0 0 1 0 0 0 0 1 0 0 0 2 1 0 3 0 0 0 0 0 0 0 0 7 0 0 0 0 1 12 4 142643 4 60 27 12 0 0 0 0 2 0 0 0 1 3 0 3 5 0 1 0 2 0 1
463 GTC 0 0 0 0 0 1 0 0 1 1 1 2 26 26 4 0 0 0 0 0 0 0 0 0 0 0 2 0 0 0 0 0 0 2 0 0 1 5 2 1 5 4 1 1 49 154967 79 19 0 1 0 0 0 0 0 1 0 1 0 0 0 2 4 0
464 TTC 0 0 0 0 0 0 0 0 0 0 0 0 0 16 0 0 0 0 0 0 26 0 0 0 0 0 0 0 0 22 0 0 1 0 0 0 0 0 0 0 0 2 0 0 0 3 0 0 0 6 0 0 1 13 0 1 0 1 0 0 1 167964 0 27
465 GAG 0 0 8 0 0 0 0 0 0 0 2 0 0 0 0 0 0 0 0 0 0 0 0 0 0 0 0 0 0 0 0 1 3 0 160606 2 0 0 0 0 6 1 18 1 0 0 2 1 0 0 8 0 0 0 0 0 0 0 2 0 1 0 0 0
466 CTC 8 5 5 22 2 1 2 5 6 0 1 6 1 58 60 12 20 7 2 50 30 24 3 20 1 0 4 1 18 121632 7 28 1 2 5 1 1 0 3 0 5 1 6 10 4 17 13 10 1 5 1 4 1 0 5 2 0 3 50 6 14 85 21 13
467 TCG 0 1 19 3 3 2 4 7 0 0 41 5 0 0 4 3 0 0 1 0 0 0 10 0 0 1 20 1 0 0 3 0 0 0 4 0 2 0 0 0 0 3 2 0 1 0 0 0 0 0 13 6 57 1 164186 35 0 4 4 6 0 0 30 4
468 GAC 0 7 0 0 0 0 0 0 0 0 0 0 0 0 0 0 0 0 0 0 0 0 0 0 0 0 0 0 0 0 0 0 2 164822 1 9 1 3 0 0 0 14 0 0 0 5 0 0 0 11 0 0 0 1 0 0 0 2 0 0 0 0 0 0
469 GAA 18 3 1 0 2 2 1 4 1 0 0 0 0 1 0 3 26 0 5 1 0 0 1 0 0 0 0 0 0 0 0 0 165673 2 22 1 8 4 0 0 14 5 0 5 1 15 8 8 15 2 0 2 0 0 0 0 0 0 0 3 0 0 3 0
470 AGG 0 0 13 0 0 0 0 0 7 0 163907 10 0 0 21 0 0 0 2 0 0 0 0 0 0 0 2 0 0 0 0 0 0 0 0 0 0 0 0 0 0 0 34 0 0 0 0 0 0 0 0 0 0 0 0 0 0 0 5 0 0 0 0 0
471 GCA 0 0 0 0 34 0 1 1 0 0 0 0 0 0 0 0 0 0 0 0 0 0 0 10 0 0 0 0 0 0 0 0 2 0 0 0 160426 3 50 2 1 2 0 0 55 0 0 0 0 0 0 0 2 0 0 0 0 0 0 0 0 0 0 0
472 GCG 0 0 0 0 3 20 126 0 0 0 0 0 0 0 0 0 1 0 0 0 1 1 6 0 0 3 0 0 0 0 0 0 0 0 4 0 22 1 150998 18 0 0 4 0 0 0 51 0 0 0 0 0 1 0 14 0 0 3 0 0 0 0 0 0
473 AAC 8 165308 1 22 0 4 2 0 14 11 2 0 0 0 0 0 0 20 1 5 0 0 0 0 0 3 9 22 2 1 1 0 0 6 1 0 0 0 2 0 0 0 0 0 0 1 0 0 0 1 0 0 0 0 0 0 0 0 3 10 0 0 1 0
474 CCG 0 0 0 0 0 0 24 0 0 0 0 0 0 0 0 0 0 0 26 0 20 1 184413 30 2 0 0 1 0 0 8 0 0 0 0 0 0 0 5 0 0 0 0 0 0 0 0 0 0 0 0 0 0 0 4 1 0 0 0 1 0 0 0 0
475 ATC 0 0 0 0 0 9 0 0 0 1 1 0 36 186684 0 18 0 0 0 0 0 0 0 0 0 0 0 0 0 1 1 0 0 0 0 0 0 0 0 0 0 1 0 0 0 14 3 1 0 0 0 0 0 0 0 0 0 0 0 0 0 10 0 0
476 GTG 0 0 0 0 0 0 3 0 0 0 0 0 0 0 24 0 0 0 0 0 0 0 1 0 0 0 12 0 1 0 1 0 0 0 0 0 39 2 26 2 0 0 6 0 53 0 186490 1 0 0 0 0 0 0 0 0 0 0 0 0 0 0 4 0
477 CCC 0 0 0 0 0 2 0 0 0 0 0 0 0 0 0 0 0 12 0 0 10 187065 0 13 0 0 0 0 0 1 2 0 0 0 0 0 0 0 0 0 0 0 0 0 0 0 0 0 0 0 0 0 0 11 0 0 0 0 0 0 0 0 0 0
478 TCT 1 0 3 0 0 0 0 1 0 0 1 0 1 0 4 0 0 0 0 1 0 0 4 20 0 0 0 0 1 1 1 2 0 0 0 0 0 0 0 1 0 0 0 0 1 0 1 0 0 0 0 6 0 190 11 187140 0 1 4 0 0 1 5 8
479 TTT 0 0 0 1 0 0 0 1 1 0 0 4 6 0 0 0 0 0 0 0 1 0 0 0 7 0 0 1 0 0 0 11 0 0 0 0 2 1 0 0 0 2 0 1 0 22 0 2 0 1 0 1 0 0 0 3 1 1 0 3 4 12 1 186813
480 GAC 1 15 0 1 1 5 0 1 0 0 1 1 0 0 0 0 2 5 0 6 0 8 7 5 1 6 1 0 0 0 6 0 12 187070 0 30 7 8 4 1 0 26 1 0 0 0 1 0 0 26 0 7 0 21 0 3 0 0 1 0 3 0 0 0
481 ATG 2 0 0 0 0 0 3 0 0 1 15 1 5 3 186979 46 0 0 0 0 0 0 0 1 0 0 3 2 0 0 2 0 0 0 1 0 0 0 4 0 0 0 3 0 1 2 17 0 0 3 0 1 0 0 2 0 0 2 6 0 1 1 1 0
482 AGT 0 2 0 22 0 0 0 1 5 11 1 187464 0 0 0 8 0 0 0 0 0 0 0 0 0 0 0 2 0 0 0 0 0 0 0 0 0 0 0 0 0 0 26 17 0 0 0 0 0 0 0 0 0 0 0 0 0 0 0 1 0 0 1 0
483 AAT 75 150 1 187215 0 0 0 0 0 0 0 4 0 0 0 0 0 0 0 1 0 0 0 0 0 0 0 0 0 0 0 0 0 0 0 9 0 0 0 0 0 0 0 0 0 0 0 0 0 0 0 0 0 0 2 0 0 0 0 0 0 0 0 0
484 GAA 11 0 0 1 0 0 0 5 0 3 0 0 0 0 0 0 0 0 0 0 0 3 0 0 0 0 0 0 0 0 0 0 186990 1 10 5 0 1 0 0 3 0 0 2 0 0 194 0 8 0 1 0 1 0 0 1 0 0 0 0 0 0 0 0
485 GGA 0 0 0 4 0 0 0 0 39 23 33 0 0 2 3 0 0 0 0 0 0 0 0 1 31 0 24 58 5 0 2 0 3 0 1 0 4 0 0 0 186752 2 44 41 10 1 15 0 0 0 0 0 0 0 2 0 20 27 13 243 0 0 0 12
486 TCT 0 0 0 0 0 0 0 0 0 0 0 0 0 0 0 0 0 0 0 0 0 0 0 3 0 0 0 0 0 0 0 0 0 0 0 0 0 2 1 0 0 0 0 0 0 0 0 0 0 0 0 3 0 10 2 187610 0 0 0 0 0 0 0 1
487 TAT 0 0 0 0 0 0 0 0 0 0 0 0 0 0 0 0 0 0 0 22 0 0 0 0 0 0 0 0 0 0 0 0 0 0 0 0 0 0 0 0 0 0 0 0 0 0 0 0 1 2 0 187383 0 0 0 0 0 0 0 6 0 0 0 0
488 TTC 0 0 0 0 11 0 0 0 0 0 0 0 0 5 0 0 0 0 0 0 0 0 0 0 0 0 0 0 0 0 0 0 0 0 0 0 0 0 0 0 0 0 0 0 0 0 0 0 0 0 0 0 0 8 0 0 0 0 0 0 20 186044 0 8
489 TTC 0 0 0 0 0 0 0 0 0 0 0 0 0 0 0 0 0 0 0 0 0 1 0 0 0 0 0 0 0 6 0 0 0 0 0 0 0 0 0 0 0 0 0 0 0 1 0 0 0 14 2 0 0 3 0 0 0 0 0 0 14 186558 1 17
490 GGA 0 0 0 0 0 0 0 0 11 0 0 0 0 0 0 0 0 0 0 0 0 0 0 0 0 2 0 0 0 0 0 0 7 0 0 0 0 0 0 0 187387 0 12 0 1 0 0 0 0 0 0 0 0 0 0 0 7 0 0 0 0 0 0 0
491 GAC 0 8 0 0 0 0 0 0 0 0 0 0 0 4 1 0 0 0 0 0 0 0 0 0 0 1 0 0 0 0 0 0 12 187372 1 6 0 0 0 0 2 29 4 0 8 2 10 0 0 14 0 0 0 0 0 0 0 4 1 0 1 0 1 0
492 AAT 5 7 1 187048 0 0 1 1 0 0 0 15 0 0 0 1 0 0 0 0 0 0 0 0 0 0 0 0 0 0 0 0 0 0 0 4 0 0 0 254 0 0 0 0 0 0 1 0 0 0 0 2 0 0 0 0 0 0 0 0 1 2 0 0
493 GCA 0 0 0 0 92 2 0 0 0 1 0 0 0 0 0 0 1 0 1 0 0 1 0 1 6 1 1 3 2 0 0 1 5 0 0 0 187062 8 18 23 1 0 5 2 74 0 15 0 0 0 3 0 6 0 0 0 0 0 0 0 2 2 0 0
494 GAG 0 0 8 1 0 1 0 0 0 0 0 1 0 0 1 0 0 0 0 0 0 0 0 1 0 0 0 0 0 0 0 0 29 2 187114 4 0 0 8 0 0 0 31 0 1 0 1 0 0 0 6 0 0 0 0 0 0 0 0 0 0 0 0 0
495 GAG 0 0 30 1 0 0 0 0 0 0 3 1 0 2 0 0 0 1 0 0 0 0 1 1 0 0 0 0 0 0 0 2 41 13 187388 14 0 0 2 0 1 1 23 0 0 0 2 0 0 0 0 0 0 3 1 0 0 0 1 1 0 0 0 0
496 TAC 1 0 1 0 0 0 0 0 3 0 3 0 1 3 0 0 0 6 0 0 0 0 0 0 0 0 0 0 1 0 0 0 0 1 0 0 0 0 4 6 3 0 3 0 7 0 6 14 4 187357 4 49 0 0 1 0 2 40 3 1 0 4 11 26
497 GAC 0 71 7 1 1 20 0 2 0 22 3 0 2 17 55 7 3 12 0 3 0 0 0 0 2 0 0 0 0 0 0 2 5 186305 10 8 29 20 6 26 14 171 25 6 10 311 29 5 2 6 5 16 9 0 2 1 5 0 3 12 7 2 109 0
498 AAT 135 110 96 185363 20 19 14 116 222 43 153 94 42 25 28 28 10 7 2 26 4 8 1 0 42 33 45 24 9 4 12 1 0 2 1 8 17 6 18 19 50 84 6 32 35 6 12 7 2 4 2 0 1 0 6 43 20 43 12 13 8 11 15 3
499 TAA 0 0 0 0 0 0 0 0 0 0 0 0 0 0 0 0 5 0 0 0 0 0 0 0 0 0 0 0 0 0 0 0 0 0 0 0 0 0 0 0 0 0 0 0 0 0 0 0 187404 0 2 18 0 0 0 0 24 0 0 0 11 0 0 0
