# POSITION WT AAA AAC AAG AAT ACA ACC ACG ACT AGA AGC AGG AGT ATA ATC ATG ATT CAA CAC CAG CAT CCA CCC CCG CCT CGA CGC CGG CGT CTA CTC CTG CTT GAA GAC GAG GAT GCA GCC GCG GCT GGA GGC GGG GGT GTA GTC GTG GTT TAA TAC TAG TAT TCA TCC TCG TCT TGA TGC TGG TGT TTA TTC TTG TTT
1 ATG 0 0 2 0 0 0 18 0 0 0 1 0 11 0 284484 14 0 0 0 0 0 0 0 0 0 0 0 0 0 0 2 0 0 0 0 0 0 0 0 0 0 0 0 0 0 0 75 0 0 0 0 0 0 0 0 0 0 0 0 0 0 0 2 0
2 GCG 0 0 0 0 0 0 4 0 0 0 0 0 0 0 0 0 0 0 0 0 0 0 0 0 0 1 0 0 0 0 0 0 0 0 4 0 55 0 283984 7 0 0 0 0 0 0 86 0 0 0 0 0 0 0 1 0 0 0 0 0 0 0 0 0
3 TCC 3 0 0 3 14 14 1 14 0 0 0 0 0 0 7 0 12 18 0 22 0 20 0 0 9 1 0 0 17 5 3 0 1 0 3 0 0 22 1 0 0 0 0 0 0 0 0 0 0 38 0 5 21 283742 9 21 0 0 0 0 0 7 0 0
4 CAA 63 435 0 6 210 23 0 176 8 2 0 7 481 18 31 71 281591 59 45 7 28 1 0 3 39 0 0 1 91 75 15 15 3 4 0 7 48 0 9 14 2 0 0 5 307 2 15 3 12 26 1 8 93 23 68 342 8 0 0 29 65 13 23 114
5 GGC 0 1 0 0 0 31 0 0 0 59 0 0 0 0 0 0 0 5 0 0 0 49 0 0 0 71 0 0 0 0 0 0 0 45 0 0 0 74 0 0 1 284302 0 16 0 0 0 0 0 3 0 0 0 31 0 0 0 144 0 0 0 0 0 0
6 ACC 0 3 0 0 1 284421 0 3 0 0 0 0 0 7 0 0 0 0 0 0 0 0 0 0 0 0 1 0 0 0 0 0 0 0 0 0 0 11 0 0 0 0 0 0 0 0 0 0 0 0 0 0 0 1 0 0 0 0 0 0 0 0 0 0
7 AAA 284650 2 11 1 0 0 0 0 9 0 0 0 1 0 0 1 1 0 0 0 0 0 0 0 0 0 0 0 0 0 0 0 19 0 0 0 0 0 0 0 0 0 0 0 0 0 0 0 1 0 0 0 0 0 0 0 0 0 0 0 0 0 0 0
8 CGG 0 0 0 0 0 0 0 0 0 0 4 0 0 0 0 0 1 0 16 0 1 1 8 0 77 1 284694 1 9 0 7 0 0 0 0 0 0 0 0 0 0 0 2 0 0 0 0 0 0 0 0 0 0 0 0 0 0 0 57 0 0 0 0 0
9 TCT 0 0 0 4 4 1 1 1 0 0 3 0 0 0 4 0 4 1 2 0 0 0 0 9 0 0 2 0 2 0 0 5 0 0 0 0 24 3 0 5 0 0 0 0 0 0 0 0 0 1 0 3 3 163 18 283819 0 0 1 6 34 0 4 4
10 TAT 2 3 0 7 13 4 0 7 1 0 0 4 29 33 0 21 1 7 13 62 8 10 0 2 0 0 1 3 10 18 12 2 17 1 11 5 1 3 1 11 3 5 1 0 25 4 0 1 1 34 0 284144 8 51 0 6 0 5 1 43 0 3 1 10
11 GAA 21 0 1 1 3 1 0 0 0 0 0 0 0 4 0 2 6 0 0 0 1 0 3 0 0 0 0 0 0 0 0 1 284025 0 48 1 3 2 1 0 19 0 0 0 5 0 0 0 4 1 0 0 3 1 0 0 0 0 0 1 5 0 1 0
12 CAG 31 36 302 2 0 16 28 4 5 48 10 0 6 9 1 4 82 84 283043 334 11 2 15 4 18 48 79 0 50 38 132 22 2 4 1 2 14 2 8 10 0 5 90 13 0 1 2 20 2 0 24 0 2 14 8 44 0 8 1 0 15 11 1 8
13 ATG 0 1 6 1 0 0 11 0 2 5 1 1 25 0 284512 1 0 2 0 0 0 0 0 0 2 0 1 0 1 1 7 0 1 0 1 0 0 0 1 1 0 0 1 0 0 0 22 0 4 0 0 0 0 0 0 0 0 0 0 1 1 0 0 0
14 GAA 23 0 0 1 7 1 0 0 137 2 0 0 1 1 0 2 1 0 0 0 1 0 0 0 1 0 1 0 0 1 0 2 284054 1 7 22 1 1 0 1 27 0 0 0 3 3 0 0 1 0 0 2 0 1 0 0 0 0 6 0 0 0 0 0
15 ACT 0 0 0 7 5 38 3 284490 0 0 0 1 1 0 0 10 0 4 0 0 0 0 0 5 0 0 1 0 8 3 0 0 0 0 0 0 0 0 0 7 0 0 0 0 1 0 0 0 0 0 0 0 0 1 0 2 0 0 0 2 0 0 0 0
16 GAT 0 0 6 13 2 0 0 0 0 0 0 0 0 0 0 1 0 1 0 2 0 0 0 0 0 0 0 0 0 0 1 0 3 7 9 284651 2 4 0 3 0 0 9 42 0 0 0 0 1 0 0 7 0 0 0 0 3 0 0 0 0 0 0 1
17 GGG 3 3 2 0 9 3 0 13 0 0 6 0 0 1 1 0 5 4 0 0 2 6 10 3 0 0 2 0 0 0 0 0 0 0 8 0 0 1 9 5 74 3 284560 16 0 1 7 11 0 0 0 0 1 1 0 0 0 0 16 0 1 0 1 0
18 GAA 38 8 3 94 3 42 2 0 0 4 0 2 9 15 1 0 17 14 4 4 73 73 91 6 0 0 1 11 3 9 0 2 283891 4 48 17 25 108 1 0 49 7 0 3 3 1 0 24 14 27 0 0 50 19 0 11 2 1 1 0 20 6 0 0
19 CGC 2 0 0 0 0 0 0 0 0 4 0 0 0 0 0 0 0 102 0 13 0 3 0 0 2 284539 0 9 0 1 0 0 0 0 0 0 1 1 0 0 0 7 0 0 0 0 0 0 0 0 0 0 0 1 0 0 0 40 1 0 0 0 0 0
20 CAG 1 0 1 0 0 2 0 0 0 0 0 0 0 0 1 0 17 1 283201 4 3 9 377 13 0 5 76 1 0 0 5 0 0 0 0 0 0 0 0 1 0 0 1 0 1 1 0 0 0 0 10 0 0 0 0 0 0 0 0 1 0 0 0 0
21 AAT 7 24 2 284225 120 70 44 48 1 0 6 14 0 0 8 1 7 4 3 5 4 4 1 4 19 11 9 80 7 11 5 0 0 0 0 19 0 2 1 4 13 1 0 0 7 0 0 4 1 0 0 1 26 19 8 3 3 0 1 3 0 0 0 0
22 GCA 52 3 13 0 117 26 27 4 74 2 9 5 3 3 0 0 2 7 4 2 14 6 0 2 635 118 16 52 0 4 0 2 6 1 1 0 282984 131 13 71 3 0 0 0 96 27 23 37 22 1 0 0 6 5 0 7 0 2 0 0 0 1 0 0
23 ACT 4 5 6 9 141 35 37 283086 15 3 5 2 4 1 3 1 17 72 18 6 0 7 5 8 20 11 1 58 11 32 0 4 0 4 3 1 24 5 3 35 9 0 14 10 2 4 1 4 7 3 4 2 28 135 150 748 8 3 2 3 5 0 0 4
24 GAG 6 3 116 0 3 4 14 11 13 1 0 4 4 12 32 0 85 7 28 0 1 0 4 2 7 13 1 0 3 1 0 1 218 1 284153 4 1 5 23 0 4 0 23 0 12 7 2 6 1 3 8 0 16 2 5 1 3 2 8 8 1 0 1 0
25 ATC 0 2 0 0 0 6 0 1 0 0 1 0 41 284786 1 9 4 2 0 0 0 0 1 0 21 0 0 0 1 1 0 0 0 0 0 2 0 0 0 0 0 0 1 1 0 14 0 7 4 0 1 0 0 0 1 0 3 0 1 0 0 0 1 0
26 AGA 36 2 0 1 0 2 0 0 284659 5 30 1 6 1 2 0 0 0 0 0 0 6 0 0 9 12 0 0 0 0 0 0 0 0 0 0 0 0 3 0 60 0 1 0 0 1 0 0 1 2 0 0 0 0 0 0 4 3 0 0 0 0 0 0
27 GCA 2 2 7 0 32 1 0 2 0 1 34 2 1 0 0 0 1 8 5 1 3 1 0 1 0 18 8 6 2 0 0 0 3 0 0 0 284558 13 20 6 11 2 9 0 59 0 0 1 9 0 0 0 6 1 9 3 1 2 0 0 0 2 0 0
28 TCC 69 23 0 0 1 0 0 1 9 0 3 1 0 1 0 0 5 15 3 4 7 18 1 0 0 1 5 1 2 14 0 1 0 0 0 0 0 9 0 0 1 65 15 0 0 0 0 0 1 6 7 1 32 284458 11 20 0 3 3 0 0 9 3 0
29 GTC 1 0 6 0 0 4 3 0 0 0 0 0 1 61 0 6 0 1 0 0 0 4 0 0 0 2 0 0 0 4 4 1 0 2 0 0 0 15 0 0 0 1 2 0 25 284644 1 26 2 0 4 0 0 0 0 0 2 4 0 2 3 5 1 0
30 GGG 0 4 0 0 0 0 0 2 0 0 51 2 0 0 0 0 1 1 5 0 0 5 0 6 2 0 1 0 2 1 0 0 1 1 15 0 1 5 2 2 46 15 283875 4 0 0 2 0 0 0 1 0 0 0 0 0 2 0 10 0 0 2 0 0
31 AAG 18 1 281532 9 1 0 2 0 2 4 17 1 2 0 2 0 2 0 5 0 0 0 1 2 13 9 9 8 3 0 3 0 0 2 10 0 0 1 0 0 0 0 0 2 1 1 1 0 1 0 4 0 0 7 2 0 1 0 0 2 0 0 2 0
32 ATG 4 1 3 0 0 0 10 3 0 0 3 0 36 2 284772 4 0 1 0 1 0 4 0 0 1 1 0 0 0 0 2 1 2 1 0 0 0 1 0 0 0 0 0 0 0 0 19 0 2 0 0 0 0 1 0 0 0 0 1 1 0 0 1 0
33 ATT 2 1 1 1 0 0 0 14 6 1 0 3 20 24 3 284676 0 0 1 0 1 0 0 2 0 1 0 0 4 0 0 1 0 4 0 0 0 0 0 0 1 0 2 0 7 24 2 92 0 6 0 2 3 1 0 3 1 0 1 4 2 2 0 0
34 GAT 2 1 0 33 6 2 1 0 0 3 0 9 15 62 12 11 13 9 23 12 1 0 0 1 0 31 3 1 50 14 10 11 19 21 6 283937 14 6 4 24 19 33 0 216 1 0 3 46 4 9 0 9 23 9 40 13 3 4 0 44 8 7 22 5
35 GGA 0 2 0 0 0 0 0 1 26 5 0 0 0 0 0 2 0 0 0 0 1 2 2 2 0 2 0 0 0 1 2 0 16 0 1 0 6 3 2 0 284675 24 14 9 9 0 2 0 1 0 4 1 0 1 0 0 19 2 0 0 1 1 0 0
36 ATT 1 0 0 0 0 0 0 6 0 1 0 1 12 22 1 284530 0 0 0 0 1 0 0 0 2 0 5 0 0 0 1 5 0 0 0 1 0 0 0 0 0 0 2 0 0 1 0 9 0 0 2 0 0 2 0 0 0 0 0 0 0 0 3 0
37 GGA 0 0 0 0 0 1 0 0 7 1 1 0 0 1 0 0 0 0 0 0 0 0 0 0 0 0 0 1 0 0 0 0 6 2 0 0 1 0 3 1 284535 1 178 4 0 0 0 0 3 0 0 0 0 0 0 0 8 0 0 0 0 0 0 0
38 CGA 0 0 0 0 1 0 1 0 12 0 0 0 0 0 0 0 31 0 0 0 4 5 0 1 282329 2 39 5 5 3 0 0 2 0 0 0 0 0 0 0 1 0 0 0 0 0 0 2 0 2 0 0 0 0 0 0 25 1 0 0 0 0 0 0
39 TTC 1 3 0 0 0 1 0 0 0 0 1 0 0 0 0 0 2 0 1 0 0 7 14 0 4 1 0 0 2 11 2 1 4 0 1 1 1 3 5 1 1 0 0 0 0 1 1 0 0 4 1 0 1 16 0 0 1 0 0 2 9 284050 1 20
40 TAC 0 3 0 0 0 0 0 1 0 1 0 0 1 0 0 0 0 42 0 0 0 0 1 0 5 1 3 0 2 0 1 2 1 1 0 0 0 2 0 0 1 3 0 0 1 0 0 0 2 283860 5 34 1 0 0 2 0 30 1 0 1 0 0 2
41 ATC 1 23 0 0 6 31 0 1 2 27 4 0 12 282427 32 31 11 66 2 2 2 4 6 0 1 0 1 0 11 50 6 2 0 1 3 0 0 0 0 4 0 0 13 1 1 5 1 0 2 1 6 8 2 2 1 1 4 4 0 3 48 3 2 3
42 CAA 7 0 9 0 0 1 0 1 0 1 0 0 0 0 1 0 268857 0 56 0 6 5 0 0 23 0 2 0 8 1 1 1 0 0 0 1 0 0 1 0 0 0 0 0 3 0 2 0 8 0 0 0 1 0 0 0 0 0 0 3 0 0 0 0
43 ATG 0 6 4 0 0 0 3 1 0 0 3 0 22 2 272347 4 1 8 0 1 1 8 2 0 0 0 0 0 0 0 1 1 1 0 0 14 0 0 0 0 0 0 2 0 0 1 9 0 1 0 0 0 0 1 0 0 0 0 8 0 0 2 1 0
44 TGC 0 1 0 0 0 2 3 1 0 4 3 1 12 1 0 0 1 0 0 0 3 2 0 0 0 2 1 5 5 0 0 0 0 0 1 0 0 1 1 0 1 1 1 1 0 4 0 14 0 32 0 0 0 0 0 0 5 253095 2 127 0 3 3 1
45 ACT 0 0 2 6 12 46 4 266634 12 0 0 0 2 0 2 9 0 0 1 8 0 0 1 5 11 0 3 0 0 4 6 0 0 0 0 0 0 0 5 8 0 0 0 1 0 1 3 0 2 1 3 0 1 2 0 0 0 1 0 2 0 0 0 0
46 GAA 13 0 0 0 0 3 0 2 0 0 0 0 1 0 0 4 0 0 1 0 0 2 0 0 0 1 1 0 1 0 0 1 273375 0 16 0 0 0 0 0 8 1 0 0 4 3 3 0 5 1 0 0 0 2 0 0 0 1 0 0 0 0 1 1
47 CTT 0 0 1 0 1 0 0 0 1 0 1 0 4 0 2 5 0 1 0 4 8 6 3 5 5 0 1 3 129 57 6 276803 0 0 0 0 0 0 0 0 0 1 0 0 0 0 0 0 0 0 0 0 1 1 0 1 4 0 0 0 0 0 110 16
48 AAA 276249 3 16 0 2 0 0 2 17 0 9 0 1 1 0 0 2 10 0 0 0 1 0 0 1 0 2 0 0 4 0 0 19 0 0 0 0 0 0 0 0 0 0 1 3 0 0 0 5 2 0 1 1 1 0 0 1 4 0 0 0 0 0 0
49 CTC 3 1 0 4 0 4 5 8 0 2 0 1 7 5 4 5 5 3 8 1 8 12 14 11 7 2 6 4 64 267959 8 41 6 1 0 5 3 3 3 6 1 0 4 4 8 4 2 2 9 9 4 4 5 2 3 3 17 3 6 1 17 12 127 3
50 AGT 16 44 1 19 14 194 35 20 1 33 2 268843 0 1 2 2 2 7 38 0 9 31 17 12 1 6 2 6 2 2 2 1 6 23 0 5 12 6 48 12 23 8 12 73 1 6 2 4 3 2 5 2 24 32 21 5 2 17 1 5 2 3 7 0
51 GAT 0 4 2 16 2 16 11 5 0 0 0 7 1 0 5 7 0 18 0 2 2 1 2 18 0 0 0 0 0 0 1 3 13 15 2 269714 18 2 4 8 8 0 0 18 2 2 1 13 6 2 4 7 0 3 0 1 0 0 0 1 2 13 0 1
52 TAT 1 11 1 0 2 6 1 1 0 0 2 0 6 2 0 0 0 5 0 35 0 8 0 0 0 0 0 0 1 1 0 3 1 1 0 1 23 3 2 7 1 0 1 1 18 0 26 2 12 18 1 274945 2 0 7 0 0 0 0 27 4 7 3 0
53 GAG 0 1 11 0 4 0 0 0 2 0 0 2 1 0 0 0 1 1 0 1 1 1 0 0 0 9 2 0 0 0 0 1 33 3 255530 38 1 0 5 1 1 0 60 20 0 4 5 0 5 1 2 2 2 0 0 1 9 1 1 1 2 0 2 0
54 GGG 0 0 0 1 0 19 2 6 0 18 30 1 0 0 3 0 2 2 11 0 3 10 3 1 7 2 6 0 0 0 0 0 0 2 28 0 0 12 58 10 29 14 256596 25 0 0 3 3 0 0 0 1 3 0 5 0 2 0 11 1 0 0 0 0
55 CGA 0 5 0 0 0 5 1 0 23 0 11 0 0 0 0 0 54 3 0 4 0 4 1 2 259300 21 55 7 13 5 0 0 0 0 0 1 0 0 2 0 9 3 2 0 0 1 0 0 1 1 0 0 0 0 0 0 84 1 0 0 4 0 0 0
56 CTG 1 0 0 0 10 1 2 8 0 0 0 0 0 0 12 0 3 5 1 8 4 8 44 5 1 3 9 1 116 63 269204 47 2 0 2 2 0 1 2 1 0 2 2 0 1 1 4 2 5 0 7 1 0 1 3 3 0 2 1 3 3 4 50 2
57 ATC 1 4 0 1 3 24 12 1 0 2 2 1 11 284471 1 47 5 1 0 0 6 2 1 3 3 2 0 0 6 12 88 10 3 0 1 3 0 2 0 4 0 1 4 0 3 30 22 2 2 3 1 1 2 1 0 0 2 7 1 0 7 3 4 1
58 CAG 0 11 3 0 0 1 0 1 0 3 2 1 0 0 0 0 98 3 284569 3 5 7 8 3 2 3 29 2 0 2 5 2 1 2 0 3 0 0 0 1 1 4 1 0 0 0 3 4 0 0 9 2 0 5 0 0 0 3 1 0 0 3 2 0
59 AAC 5 284548 2 52 1 13 0 1 0 5 0 3 1 0 1 1 0 1 2 4 5 1 2 1 2 9 4 1 5 3 0 1 0 21 0 5 3 0 4 2 2 3 3 2 2 0 3 3 5 1 12 0 0 0 0 2 15 0 8 0 2 0 3 3
60 AGC 0 20 0 1 0 9 3 4 1 284381 3 18 1 1 6 0 0 2 0 1 2 0 3 4 25 2 0 0 4 1 1 0 0 0 0 0 0 0 3 0 2 19 3 0 2 2 1 0 3 0 1 0 0 11 19 3 0 5 2 10 0 0 0 1
61 TTA 0 0 0 1 1 3 2 6 0 1 0 0 49 11 3 44 0 10 0 0 0 0 0 2 0 0 2 2 17 0 6 5 5 2 0 2 1 2 0 0 0 4 4 2 7 13 3 0 0 8 0 0 14 1 1 2 12 6 2 9 284284 5 22 1
62 ACA 4 7 0 1 284223 48 15 19 0 22 0 11 9 1 0 1 2 4 1 2 9 17 2 0 7 0 0 6 2 5 3 2 0 9 1 1 13 6 6 0 1 1 0 2 0 0 0 0 1 7 2 0 4 115 1 37 3 3 0 2 2 0 0 1
63 ATA 10 1 1 18 24 0 0 0 0 2 15 0 284438 21 47 29 1 2 1 1 0 11 1 2 0 7 0 0 10 3 0 2 0 2 0 1 8 0 0 0 0 0 0 0 20 3 0 2 0 4 1 0 0 1 1 2 1 0 4 0 4 0 0 4
64 GAG 0 2 1 1 0 1 2 0 0 3 0 0 0 11 12 0 2 2 2 0 1 11 2 2 1 1 2 1 1 3 2 1 16 5 284595 4 0 2 2 1 1 0 24 0 3 0 1 0 4 0 2 3 0 0 1 0 0 1 0 0 1 0 0 2
65 AGA 21 0 2 0 12 1 1 1 284413 0 29 0 4 1 1 0 0 0 0 4 1 1 0 1 18 0 1 8 0 1 0 1 0 0 1 0 0 0 1 0 16 0 0 3 0 0 0 1 1 4 2 0 0 0 2 1 1 1 0 0 0 0 1 0
66 ATG 0 0 1 0 1 4 5 0 0 0 0 1 4 0 284293 1 0 0 0 4 0 2 0 1 0 1 0 0 0 0 1 0 0 0 0 0 0 0 0 0 0 0 0 0 0 0 6 1 0 0 1 0 0 0 3 0 0 0 0 0 0 0 0 0
67 GTG 0 0 0 0 0 0 0 0 0 0 0 0 0 0 17 0 0 0 0 0 0 0 0 0 0 0 0 0 11 0 0 0 0 1 1 0 1 0 5 0 0 0 0 2 102 1 284494 4 0 0 0 0 0 0 2 0 0 0 1 0 0 0 0 0
68 CTC 0 0 2 0 1 1 0 0 0 2 0 0 6 8 0 4 0 5 0 0 0 20 7 2 0 1 0 12 35 284535 1 75 1 0 0 0 0 5 0 1 0 0 0 0 0 2 2 0 1 1 11 0 1 0 0 0 1 0 1 0 0 19 8 1
69 TCT 0 1 0 1 5 0 0 5 0 19 0 12 1 0 0 0 1 6 4 0 0 1 1 41 0 0 0 0 0 0 1 1 0 1 0 2 0 0 2 1 2 0 6 2 3 0 0 0 2 0 0 9 8 57 6 284658 5 0 1 1 1 0 0 5
70 GCT 0 3 0 0 4 0 7 71 0 21 0 0 2 0 0 0 0 0 0 0 1 0 1 2 3 8 2 1 5 1 0 1 0 1 5 7 39 85 53 284396 1 1 8 2 0 0 0 16 12 0 4 0 9 15 3 8 1 0 0 0 1 0 2 0
71 TTT 1 3 0 1 0 0 0 0 0 0 0 0 0 0 1 1 2 1 0 0 4 2 1 2 0 0 1 0 1 1 0 10 0 1 0 0 1 0 1 0 0 0 0 0 1 0 2 3 0 14 3 4 0 1 0 20 1 6 4 3 0 55 1 284573
72 GAC 0 8 0 0 0 0 0 0 0 0 0 0 0 0 0 0 0 0 1 1 1 3 0 0 0 1 0 0 0 0 0 1 6 284333 2 176 0 1 1 0 0 31 2 1 0 1 0 0 1 2 1 0 0 6 0 0 5 3 0 0 0 0 0 0
73 GAA 38 7 0 0 3 6 2 2 0 0 0 26 1 0 0 1 28 100 0 8 3 0 0 2 10 19 5 0 59 1 1 0 283920 13 114 5 3 1 0 1 60 0 54 22 52 0 0 30 2 8 0 24 0 1 0 0 1 45 0 7 0 9 0 0
74 AGA 55 0 1 0 0 1 0 0 284558 1 63 0 3 0 11 0 0 0 0 1 1 1 2 0 23 2 11 10 0 2 4 0 0 0 0 0 1 1 2 5 21 0 0 0 0 0 0 0 0 0 1 2 0 3 0 0 1 1 1 3 4 1 0 0
75 AGG 0 0 23 0 1 0 0 0 22 1 284499 2 0 0 18 0 0 0 0 0 0 0 0 0 0 22 52 207 0 0 5 0 0 0 0 1 1 0 0 1 0 0 15 1 0 0 0 0 0 1 1 1 6 0 0 1 1 0 0 1 0 0 0 0
76 AAT 0 54 2 284736 1 1 0 8 3 0 0 14 0 0 0 2 2 1 0 3 0 3 0 0 0 0 0 0 1 3 11 0 0 0 2 20 0 1 1 0 0 0 0 0 1 0 3 0 0 1 0 1 0 7 3 2 2 0 0 0 3 0 1 0
77 AAA 284651 13 19 0 0 0 0 1 12 1 0 99 4 1 3 1 2 11 0 0 0 0 0 0 14 1 0 4 5 0 0 0 35 0 10 0 0 3 1 0 0 2 5 1 3 1 0 2 2 0 0 0 0 0 0 15 3 0 0 20 2 0 0 1
78 TAT 2 0 1 3 1 0 0 1 0 0 0 1 1 1 0 4 1 6 0 19 0 0 0 0 1 2 0 0 0 0 3 0 1 0 0 0 0 0 0 0 0 0 0 0 0 0 0 0 11 17 2 284667 0 1 0 4 1 2 1 11 0 9 1 8
79 CTG 0 1 1 1 0 0 2 0 0 1 2 0 3 2 6 5 0 0 3 3 0 0 42 0 0 2 3 0 35 18 283855 14 5 0 2 0 0 2 2 1 0 2 0 0 1 0 6 0 1 0 0 0 0 1 0 0 0 0 0 0 3 0 44 1
80 GAA 28 7 3 12 1 34 36 6 5 10 0 3 21 38 25 3 22 22 4 5 1 1 0 0 7 9 4 0 6 53 2 8 284036 7 10 6 18 12 5 24 28 1 0 8 25 40 5 6 18 9 1 2 23 13 5 8 3 12 2 33 4 3 4 3
81 GAA 43 23 11 1 4 5 0 14 0 5 2 6 13 3 0 3 5 11 6 1 3 0 0 0 2 1 3 0 5 30 0 2 284302 7 36 8 5 2 0 12 34 11 8 5 2 6 7 32 33 10 11 5 1 1 1 1 1 13 0 16 2 1 2 15
82 CAT 27 2 0 25 1 0 3 0 10 7 13 0 2 6 24 7 52 72 7 283682 0 0 1 1 8 0 46 144 73 3 0 0 2 0 4 0 4 0 1 3 2 1 0 0 20 0 16 6 5 0 0 128 13 11 1 53 11 2 63 3 1 3 3 208
83 CCC 7 33 13 1 5 28 8 23 0 8 0 56 3 1 8 3 29 8 13 6 16 283093 33 10 1 6 6 19 2 10 9 0 0 0 4 5 5 16 46 57 5 25 11 5 0 5 14 0 3 4 13 1 50 8 12 0 10 10 0 9 1 11 2 3
84 AGC 0 73 4 9 1 33 60 1 11 282152 19 116 2 7 4 8 27 1 276 47 0 2 3 1 6 7 2 0 1 1 1 4 11 1 0 0 57 18 2 30 34 37 49 32 2 14 28 16 6 0 52 0 2 1 32 43 2 6 0 4 11 0 18 3
85 GCG 0 2 0 0 25 35 49 0 1 0 4 0 13 26 10 0 2 0 0 3 4 7 5 0 1 2 8 11 8 3 0 0 0 0 5 0 16 14 122344 7 0 3 38 8 2 0 12 7 0 6 3 8 10 1 42 0 0 0 0 7 1 1 0 1
86 GGG 1 3 3 19 9 2 47 27 7 1 11 0 1 0 2 2 2 22 9 5 1 5 9 1 2 6 2 0 0 10 0 6 0 0 11 0 0 7 0 1 20 17 122539 11 2 0 1 1 6 4 2 9 0 2 1 0 0 0 0 1 0 25 5 1
87 AAG 12 0 123365 24 1 0 2 1 3 0 11 0 0 0 1 0 0 0 1 2 1 0 1 0 0 2 1 0 0 0 0 0 0 0 21 0 1 1 0 0 0 0 0 2 0 1 1 0 2 3 3 0 0 1 0 0 0 0 0 0 0 1 1 0
88 GAT 0 12 0 97 1 0 0 1 0 2 0 0 0 0 0 0 1 0 3 1 1 1 1 0 0 0 0 0 2 1 0 0 5 20 3 123424 0 0 0 3 0 0 6 3 0 0 0 1 3 0 4 0 4 0 2 0 4 0 0 12 0 0 0 0
89 CCT 0 1 0 1 0 3 1 11 0 14 2 8 1 1 3 0 0 2 0 11 21 131 266 122716 1 1 0 4 0 0 0 9 1 1 0 2 7 35 0 15 15 17 8 2 1 1 4 5 19 7 5 1 1 0 3 6 10 11 20 5 0 0 1 8
90 AAG 29 10 123247 14 5 3 6 2 11 4 74 2 10 4 9 1 0 17 1 14 0 1 1 0 7 9 14 76 10 6 10 10 0 0 16 0 0 12 10 5 7 6 10 10 2 1 1 2 0 1 2 4 4 4 0 4 2 0 1 5 1 0 5 0
91 AAA 123541 0 24 1 0 0 1 1 6 1 3 2 0 0 5 0 3 1 0 0 1 1 2 1 8 19 3 2 1 1 1 0 3 2 1 0 0 0 1 0 0 1 0 0 0 0 0 0 7 0 11 1 0 0 0 0 4 2 0 0 1 1 0 0
92 ACT 0 0 0 0 24 124 12 123099 0 0 0 0 0 0 0 5 2 1 0 0 0 0 0 2 0 0 0 0 1 0 0 0 0 2 0 0 0 2 0 14 0 0 0 5 0 0 1 0 0 0 0 0 0 0 0 0 0 0 0 1 2 0 0 0
93 GGA 0 1 0 2 0 0 0 0 4 0 0 0 0 1 0 0 2 0 1 0 0 0 0 2 0 0 0 0 0 1 2 0 8 0 0 0 0 0 0 1 123158 1 30 1 0 0 0 0 1 0 0 0 0 0 0 0 6 1 0 0 0 0 1 0
94 GGA 0 2 0 0 0 1 0 0 14 0 0 0 0 0 1 0 0 0 0 0 0 5 0 0 0 0 0 0 0 0 0 1 10 0 0 0 0 1 0 0 123105 20 27 0 0 0 0 0 12 0 8 0 0 2 0 0 28 0 0 0 0 0 0 0
95 CCC 0 0 0 0 0 1 0 1 0 0 0 0 0 0 0 0 0 1 0 0 14 123378 2 82 0 0 0 0 0 6 0 0 0 0 0 0 5 0 0 2 0 0 0 0 0 0 0 0 2 0 15 0 1 12 0 2 0 0 0 0 1 1 0 0
96 ATA 1 0 0 0 11 1 0 0 0 0 0 0 123462 0 10 1 0 0 0 0 0 0 0 0 0 0 1 1 4 1 0 4 1 0 0 0 1 0 0 0 0 1 0 0 7 2 2 0 6 0 11 0 0 3 0 1 1 0 0 0 2 0 0 1
97 TAC 0 3 2 0 0 0 1 0 0 0 0 1 0 0 0 1 0 13 0 0 1 0 0 0 0 0 0 1 0 0 0 2 0 2 0 0 0 1 2 0 0 0 0 1 0 0 0 0 3 123164 17 14 0 0 0 3 0 11 0 0 0 0 2 1
98 AAG 26 0 123350 2 1 0 6 1 3 0 11 0 0 0 1 0 1 3 2 1 2 2 1 0 0 0 6 0 0 1 1 0 0 4 20 0 1 0 0 1 0 0 2 0 0 2 0 0 0 2 6 1 2 0 0 0 1 1 0 1 1 0 0 0
99 AGA 6 1 0 0 0 0 0 0 123590 2 11 0 2 0 0 0 0 0 0 0 0 0 1 1 13 10 0 9 0 1 0 0 0 0 0 0 0 0 0 0 4 2 1 0 0 0 0 0 0 0 0 1 0 1 1 0 3 1 0 0 3 4 0 1
100 GTA 2 0 1 2 0 3 3 0 0 5 1 1 14 0 5 0 3 4 5 4 23 9 11 1 4 20 10 2 4 4 3 3 2 0 2 0 16 1 0 0 4 2 5 1 123301 5 57 11 12 0 2 0 3 33 3 0 1 21 0 7 3 7 0 0
101 GAT 0 0 1 9 0 1 1 3 0 0 0 1 0 1 0 0 9 0 1 5 0 2 0 1 0 0 0 0 0 0 0 1 5 126 0 123458 1 3 0 0 0 0 0 10 0 0 1 2 0 0 3 4 0 1 2 2 0 0 0 3 0 1 0 0
102 AGA 16 0 0 1 4 3 1 0 123503 0 16 4 1 1 1 0 4 7 0 0 3 6 1 0 2 5 1 3 0 0 1 0 0 0 0 0 0 17 1 1 11 2 3 1 0 0 0 0 18 5 1 0 0 1 0 0 4 0 2 3 0 0 3 0
103 AAG 21 0 123626 6 0 0 2 1 0 0 10 0 2 0 0 0 0 0 0 0 0 1 0 1 12 1 1 2 0 0 1 0 0 0 3 0 0 0 1 0 1 1 14 0 0 0 0 0 1 1 0 0 0 0 0 6 0 3 2 2 0 0 1 1
104 TGG 0 2 0 1 5 1 0 0 0 0 0 0 0 4 0 0 1 0 4 2 1 1 0 0 0 0 3 1 0 1 0 1 0 0 0 0 0 0 1 0 0 0 1 0 0 0 0 0 2 1 16 0 1 3 0 0 10 0 123554 2 0 1 0 0
105 ATG 0 0 2 2 0 8 6 0 0 4 1 1 9 2 123467 3 2 0 0 28 1 1 0 0 0 0 5 0 6 1 5 0 0 0 0 0 2 0 0 0 0 0 0 1 0 0 28 1 0 4 1 1 0 0 0 0 3 9 0 0 0 0 6 3
106 AGG 0 1 14 0 0 3 0 1 16 0 123495 3 0 0 9 0 0 0 0 0 0 1 0 0 0 20 3 0 0 2 1 0 0 0 0 1 0 0 0 1 0 0 29 0 0 0 0 0 1 0 0 0 1 1 1 2 0 0 0 0 0 0 0 0
107 GAA 7 0 0 0 0 0 0 0 0 0 0 0 0 0 0 0 6 1 1 0 0 0 0 0 0 4 0 0 1 0 0 0 123516 5 5 2 0 0 1 0 9 0 1 0 0 0 0 0 1 0 0 0 1 1 0 0 0 0 0 3 0 0 0 0
108 CTC 0 0 0 0 5 7 0 3 0 0 0 1 0 3 1 0 0 11 3 0 0 21 0 1 0 0 0 0 5 123523 3 5 0 0 0 0 0 2 0 0 2 0 1 6 0 3 0 2 0 0 2 0 0 0 0 1 5 0 0 0 9 7 0 0
109 GTC 0 0 0 0 0 0 0 0 0 2 0 0 0 38 0 0 2 0 1 0 1 0 0 0 0 1 1 1 0 0 2 0 0 1 0 0 1 17 0 0 1 0 1 0 178 123334 0 29 0 0 0 0 0 0 0 1 0 4 4 0 0 1 0 1
110 CTT 0 0 0 0 0 3 0 0 0 0 0 0 0 0 0 14 0 0 0 1 1 2 0 5 1 0 1 1 1 3 23 123596 0 0 0 0 0 1 0 0 0 0 0 0 2 0 0 0 2 0 0 0 0 0 0 0 0 0 0 0 1 0 0 4
111 TAT 2 0 0 0 1 0 0 0 0 0 0 0 0 7 0 0 0 0 0 23 0 0 0 0 0 1 0 0 6 0 0 0 2 0 0 0 0 2 0 1 0 1 1 0 9 0 0 0 1 86 1 123491 0 2 0 0 0 0 37 13 0 4 4 4
112 GAC 0 23 0 1 0 0 0 1 0 0 0 0 0 0 0 0 0 2 0 0 0 0 4 0 0 0 2 3 0 2 0 0 1 123485 2 3 0 4 1 0 3 25 1 0 1 1 0 1 1 2 2 0 1 0 0 0 0 0 1 0 0 0 1 0
113 AAA 123635 2 18 0 1 0 0 1 5 0 0 0 0 1 0 0 0 0 0 1 0 0 0 0 0 0 0 0 3 3 0 0 8 0 0 0 0 0 0 0 0 0 0 0 0 0 0 0 0 0 0 0 0 0 0 0 0 0 0 0 0 1 0 0
114 GAA 6 6 0 0 0 0 0 0 2 0 0 0 0 0 0 0 1 1 1 0 0 2 2 0 0 0 1 0 1 0 0 2 123586 4 17 4 0 8 0 2 4 0 2 0 0 0 0 1 3 2 0 2 0 10 3 0 0 0 0 0 0 0 0 2
115 GAA 9 0 0 2 0 0 0 0 0 0 0 0 0 0 0 0 1 5 0 1 0 0 0 1 0 0 0 2 0 0 0 0 123648 1 5 0 0 0 0 0 5 0 0 0 0 0 0 0 1 0 1 0 0 0 0 0 0 0 0 0 1 0 1 1
116 ATA 0 0 3 0 6 0 0 0 0 1 2 0 123504 4 29 6 0 0 1 1 0 0 0 0 0 0 1 0 1 0 0 1 0 0 0 0 13 0 1 0 0 0 0 1 60 54 5 0 0 0 0 0 0 0 0 0 0 1 0 1 0 0 0 0
117 AGG 0 1 7 2 1 1 0 0 11 1 123442 2 1 2 11 0 7 2 11 1 0 2 0 0 4 1 7 0 0 2 0 0 0 0 0 1 1 0 1 0 1 1 8 1 0 3 0 0 0 1 0 0 0 0 1 1 0 0 1 15 0 0 0 0
118 CGA 0 0 0 0 0 0 0 1 5 0 0 1 0 0 0 0 18 0 0 1 3 1 0 0 122076 0 32 0 1 3 0 1 0 2 0 0 1 0 0 0 0 0 0 3 0 0 0 0 0 0 0 0 0 0 0 0 13 0 0 0 0 0 0 0
119 ATC 1 0 0 0 0 5 0 0 1 0 0 1 9 121758 0 8 0 0 1 0 0 0 0 0 0 0 0 0 0 0 0 0 0 0 0 0 0 0 0 0 0 0 0 0 0 3 13 0 0 0 0 0 0 1 0 0 0 3 0 0 0 0 0 0
120 TGG 1 1 0 0 0 0 1 0 0 1 0 0 0 0 0 0 2 0 0 0 0 2 0 0 0 0 9 0 0 0 0 2 0 0 0 0 0 2 0 0 0 5 9 0 0 0 0 0 0 0 7 0 0 0 2 0 11 0 122457 0 1 0 6 0
121 CGC 0 0 0 0 0 0 4 3 0 2 1 0 0 4 0 2 0 33 0 1 0 1 2 0 1 122269 8 5 0 2 0 0 0 0 0 0 3 2 1 0 0 0 5 0 1 2 0 0 0 0 4 1 0 0 2 2 1 29 0 1 0 0 0 0
122 CAA 3 0 0 3 3 4 0 7 0 4 5 3 2 0 0 8 120919 5 27 0 1 0 2 0 24 0 26 1 14 18 0 0 1 0 0 0 8 0 9 2 1 2 2 1 5 0 89 0 3 0 1 0 0 0 1 0 1 0 0 0 0 0 21 0
123 GCC 0 0 0 1 0 19 0 0 0 21 0 0 0 0 0 0 0 0 0 0 0 0 0 1 2 0 2 0 0 1 0 0 0 0 0 1 1 121303 3 5 0 0 0 0 0 13 1 0 0 0 0 1 2 4 0 0 5 0 0 0 0 0 0 0
124 AAT 0 8 0 104582 0 0 0 0 0 0 0 3 0 1 0 0 0 0 0 4 0 0 0 0 1 0 0 0 0 0 0 2 0 0 0 13 1 0 1 0 0 0 0 0 0 0 0 0 1 1 0 0 0 0 0 1 2 0 0 0 0 0 0 0
125 AAT 1 11 2 99168 0 1 0 2 0 1 9 5 0 1 0 1 0 9 4 14 0 0 0 0 1 1 4 1 0 2 0 0 0 1 0 10 0 6 0 0 1 0 2 2 0 1 0 0 1 3 1 19 6 0 1 1 1 4 0 7 1 13 0 0
126 GGT 2 5 1 0 0 1 4 0 1 0 1 6 1 0 1 0 0 1 4 0 1 0 0 0 2 0 0 1 0 2 2 7 0 0 0 7 0 0 0 3 1 14 20 94991 0 1 0 0 0 1 3 0 5 0 0 2 1 0 0 4 0 0 1 0
127 GAT 5 2 5 38 3 0 1 1 9 3 22 0 10 7 0 8 1 4 0 7 1 0 2 0 1 19 0 0 0 5 0 0 7 22 11 92378 24 0 4 0 1 1 4 15 7 8 0 0 0 3 0 5 21 0 0 0 0 1 0 3 0 0 0 4
128 GAT 7 35 0 6 32 2 11 0 5 9 0 4 1 0 0 0 5 1 1 1 1 0 0 2 0 4 0 1 6 1 5 0 4 9 28 101908 17 7 0 8 0 0 0 10 0 0 9 9 0 0 0 4 17 0 8 1 0 0 2 0 0 0 0 0
129 GCA 6 7 0 0 33 5 0 0 0 3 1 0 1 1 5 0 0 0 0 0 1 0 1 0 0 5 1 0 0 3 0 0 2 0 0 1 114208 4 13 3 5 7 0 2 6 2 0 0 1 1 3 2 2 0 0 12 4 0 0 0 1 0 2 0
130 ACA 37 2 6 1 118377 23 13 3 3 1 0 0 3 0 1 0 0 2 0 3 1 4 2 0 2 0 8 4 0 0 2 0 0 0 0 1 8 1 4 0 1 0 0 0 1 0 6 0 3 0 0 0 2 0 0 0 0 0 0 0 1 2 0 0
131 GCT 0 0 0 4 1 1 3 16 0 5 0 1 0 0 0 0 2 2 0 23 0 18 0 11 0 0 0 0 1 0 0 0 0 0 0 2 8 17 3 112658 0 0 3 2 1 1 0 11 1 1 1 0 1 4 0 6 0 0 0 0 0 0 0 0
132 GGT 0 0 0 0 0 0 0 0 0 0 0 5 1 1 0 0 2 0 0 0 1 0 0 0 0 0 0 0 0 0 0 0 0 0 0 6 0 0 0 0 1 33 175 111026 1 0 0 0 2 0 0 0 0 0 0 0 0 0 0 2 1 0 0 0
133 CTG 0 0 0 0 0 0 0 0 0 0 0 0 3 0 3 0 0 0 1 0 1 0 24 0 1 0 0 1 29 10 114716 14 0 0 1 0 0 0 0 0 0 0 0 0 1 0 0 1 1 1 1 0 1 0 0 0 0 1 0 0 3 0 4 1
134 ACT 0 1 0 1 20 71 0 105637 0 2 0 1 0 0 0 5 2 0 0 1 0 0 0 0 0 0 0 0 0 0 1 0 0 0 0 0 1 6 1 15 1 0 0 0 0 9 2 8 1 0 0 0 0 1 0 3 0 1 1 1 0 0 0 0
135 CAC 0 2 0 0 0 0 0 0 0 0 0 1 0 1 0 0 1 109153 0 3 1 1 0 0 0 3 0 0 0 1 0 1 0 0 2 0 0 0 0 0 0 1 1 0 0 0 0 0 3 1 1 0 0 0 0 0 1 0 0 0 0 0 0 0
136 ATG 0 0 0 1 1 1 9 0 0 0 0 0 8 9 111268 79 0 0 0 0 0 0 0 0 2 0 0 0 4 18 2 1 0 0 0 0 0 1 0 0 0 3 0 0 1 0 15 1 2 0 1 0 0 0 0 0 1 0 0 2 1 0 50 0
137 ATG 0 0 1 3 1 0 3 0 0 0 0 0 16 0 100977 0 1 0 1 0 2 2 0 1 1 0 0 0 0 0 0 0 0 0 0 0 0 0 1 0 0 1 0 0 0 0 15 0 1 0 0 0 0 0 1 0 1 0 1 0 2 0 2 0
138 ATC 1 2 0 0 0 5 0 0 0 0 1 1 3 96776 0 9 0 0 0 0 0 0 0 0 0 0 0 0 4 0 0 0 0 1 0 0 0 0 0 0 0 0 0 1 0 4 0 0 1 0 0 0 0 0 0 0 3 0 0 0 0 0 0 0
139 TGG 0 1 0 0 0 0 0 0 0 0 2 0 0 0 0 0 0 0 0 0 1 0 0 1 0 0 27 0 0 0 0 0 1 0 0 0 0 0 0 1 1 0 5 0 0 1 0 0 0 0 7 0 0 0 0 0 22 0 116898 1 0 0 1 0
140 CAT 1 0 1 3 0 0 0 0 0 0 0 0 0 0 0 0 1 10 0 123401 0 0 0 1 0 0 0 8 0 0 0 0 0 0 0 0 0 0 0 0 0 0 0 0 0 0 0 0 0 0 1 7 0 0 0 0 0 0 0 0 0 0 0 0
141 TCC 1 0 0 0 0 2 0 0 0 2 0 3 0 0 0 1 0 0 0 0 1 15 0 0 0 0 2 0 0 0 0 0 0 0 0 0 0 4 0 0 0 0 0 1 0 0 0 2 2 1 2 0 7 123482 4 21 0 2 0 0 0 3 0 0
142 AAT 0 6 3 123307 0 0 0 4 0 2 0 1 0 0 0 0 0 1 0 0 0 0 4 1 0 0 0 0 0 0 0 0 1 0 0 5 0 0 0 0 0 0 0 0 0 0 0 0 0 0 0 0 1 0 0 0 0 0 0 0 0 0 0 0
143 TTG 0 0 0 0 0 0 2 0 0 0 0 0 0 0 0 0 0 0 0 0 0 0 0 1 0 0 0 0 3 0 10 0 0 0 0 0 0 0 0 0 0 0 0 0 1 0 0 0 1 0 2 0 0 0 13 0 0 0 0 0 15 0 123427 1
144 AAT 3 11 1 123230 0 2 0 1 0 0 0 8 1 0 0 0 0 1 0 1 0 1 0 0 0 1 0 0 0 1 0 0 0 0 0 17 2 0 2 0 1 0 0 0 0 0 0 0 0 2 0 0 0 0 0 0 1 0 0 0 0 0 0 0
145 GAT 0 0 0 7 0 0 0 0 0 0 0 0 0 0 0 1 0 0 0 1 1 1 0 0 0 0 0 0 0 1 1 0 1 24 1 123513 0 0 0 1 0 0 0 7 0 0 0 0 0 0 0 5 1 0 0 0 0 0 0 0 0 0 0 1
146 ACA 2 0 0 1 123387 72 28 0 2 0 0 1 5 0 0 0 0 0 1 0 1 0 0 0 0 0 0 0 0 0 0 0 1 0 0 0 53 1 0 0 0 0 0 0 0 0 0 0 0 0 0 0 2 11 2 0 0 2 0 0 0 0 1 0
147 ACA 1 0 0 0 123520 3 9 0 1 0 0 0 2 0 0 0 0 0 0 0 1 0 0 2 0 0 0 0 0 0 2 0 0 0 0 0 12 0 0 0 0 0 0 0 0 0 0 0 0 0 0 0 0 0 0 0 0 0 0 0 0 0 0 0
148 TAC 0 0 0 0 0 0 0 0 0 0 0 0 0 1 0 0 0 5 0 0 0 0 0 0 1 0 0 0 0 0 0 0 0 3 0 0 0 1 1 0 2 0 3 0 0 0 0 1 3 123526 0 7 0 1 0 0 1 10 0 0 0 0 0 0
149 CAG 0 0 1 0 0 0 0 0 0 0 0 0 0 0 0 0 4 1 123331 0 0 0 1 0 0 0 25 0 0 0 0 0 0 0 0 0 0 0 1 0 0 0 0 0 1 0 0 0 1 0 15 0 0 0 0 0 0 0 0 0 1 0 0 0
150 AGG 0 0 11 0 0 0 0 1 9 0 123457 0 0 0 4 0 0 0 0 0 0 0 0 0 0 1 26 0 0 0 0 0 0 0 0 0 0 0 0 0 0 0 16 0 0 0 0 0 0 0 1 0 1 0 0 0 0 0 2 0 0 1 0 0
151 ACA 0 0 0 2 123431 15 36 23 2 1 0 0 5 0 0 0 0 1 1 0 2 1 1 0 0 0 0 0 0 0 0 0 0 0 0 0 8 0 1 0 0 0 0 0 0 1 0 3 0 0 0 0 1 0 0 1 6 0 0 0 0 0 0 0
152 AGA 18 1 4 1 0 0 0 0 123192 2 9 0 2 0 0 0 0 0 0 0 0 0 0 1 30 2 41 25 0 0 0 1 0 0 0 0 4 1 0 0 13 0 0 1 0 0 1 0 0 0 11 0 2 0 0 0 3 0 0 0 0 0 0 1
153 GCT 2 0 1 0 0 0 0 12 1 1 1 0 0 0 0 0 3 0 1 0 2 2 0 0 0 1 0 0 3 0 0 0 1 0 0 0 5 8 1 123475 2 0 0 1 0 0 0 9 0 0 2 1 3 1 1 2 1 0 0 0 0 1 0 0
154 CTT 0 0 0 0 1 0 1 0 0 0 0 3 0 2 0 24 0 0 2 0 0 1 0 8 0 0 1 1 14 27 8 122812 0 0 1 0 1 0 0 0 0 0 0 0 0 0 0 2 2 0 3 0 0 0 0 0 0 1 0 0 11 0 22 3
155 GTT 7 0 5 1 0 4 0 11 0 0 1 2 1 0 1 12 0 4 0 0 1 0 2 0 11 0 1 1 1 0 0 2 0 0 0 0 1 0 1 2 0 1 1 0 24 18 3 121609 3 0 0 0 1 6 0 0 1 0 0 0 2 0 0 1
156 CGC 0 0 0 0 4 0 1 1 19 2 0 1 0 0 1 1 0 47 0 0 0 6 0 2 6 120218 25 45 2 1 0 0 0 0 0 0 1 0 3 0 0 2 0 1 1 1 0 0 1 1 0 0 0 3 0 0 1 15 0 0 0 0 0 0
157 ACC 1 2 0 0 17 121461 120 46 0 0 0 3 4 26 3 4 2 3 2 0 0 1 2 0 0 0 0 0 0 9 0 0 0 3 0 0 11 7 14 0 0 1 5 3 7 7 43 5 0 0 3 0 0 9 13 0 1 2 0 1 3 0 1 6
158 GGC 0 0 0 0 0 3 0 0 0 32 1 0 0 0 0 1 0 1 0 0 0 2 0 0 2 1 0 0 1 0 0 1 0 45 0 0 1 0 0 0 27 123252 59 18 0 1 1 1 1 0 3 0 0 0 0 0 0 0 0 0 0 0 2 0
159 ATG 1 1 0 0 2 2 6 1 1 0 2 0 6 0 123469 5 0 1 0 0 2 0 0 0 0 0 0 0 0 43 1 4 2 0 0 0 0 0 0 0 2 0 1 0 1 0 8 0 16 0 1 0 0 0 0 0 0 0 0 0 18 0 37 0
160 GAT 0 2 1 14 0 0 0 0 0 0 5 0 3 0 1 0 0 3 2 1 0 1 0 2 1 0 1 1 0 0 0 0 12 13 1 123510 0 0 0 1 1 0 3 4 2 0 1 1 1 0 2 1 0 0 1 0 0 0 1 8 1 0 0 0
161 CCC 0 0 3 0 1 6 1 0 0 0 5 2 0 0 0 0 1 4 0 0 56 122511 7 12 3 2 7 3 0 6 0 0 0 0 0 0 7 3 27 0 1 1 3 3 2 0 10 0 1 0 2 0 13 85 4 0 0 1 0 4 1 1 0 0
162 AGG 1 1 14 0 0 1 0 0 185 0 123240 1 2 0 8 0 1 0 0 3 0 3 0 0 2 4 8 6 0 0 0 0 0 0 0 0 0 1 0 1 1 0 21 0 1 0 3 2 0 5 1 0 2 0 1 1 0 0 3 1 0 0 0 1
163 ATG 0 0 0 1 10 2 2 1 0 4 0 0 15 0 123546 1 0 0 0 0 0 0 0 0 0 0 0 0 1 0 2 6 0 0 2 0 2 0 1 0 0 0 1 0 0 0 10 14 0 0 0 0 1 0 0 0 0 3 0 1 5 2 5 0
164 TGC 0 6 0 10 1 0 0 2 1 1 0 1 7 1 2 0 0 0 1 0 0 4 0 2 2 8 1 0 0 0 0 0 0 0 0 0 18 4 2 12 0 3 0 0 7 1 11 1 0 40 1 0 1 0 0 0 1 123381 2 31 0 3 1 1
165 TCT 0 4 0 46 7 4 0 1 0 1 0 0 0 0 2 0 1 0 0 0 0 9 0 11 0 0 1 0 0 0 0 0 2 0 0 3 1 11 9 0 8 6 3 0 0 0 0 0 0 0 2 1 1 44 4 123355 1 1 0 15 0 0 0 1
166 CTG 0 0 0 2 0 0 0 1 0 0 1 1 0 0 8 15 0 0 1 2 0 0 24 0 0 0 2 0 7 9 123497 3 1 0 0 0 0 0 0 0 0 1 0 0 0 0 0 0 0 0 0 0 1 0 0 0 6 0 3 1 0 0 10 0
167 ATG 0 3 1 0 0 1 2 0 1 0 2 2 31 1 123521 0 0 0 1 0 0 4 1 1 0 0 0 0 17 0 36 1 0 0 0 0 0 0 0 0 0 1 0 0 0 0 11 0 1 0 1 0 1 0 0 0 1 0 0 0 2 0 0 0
168 CAG 0 0 3 0 1 1 0 0 0 0 0 7 1 0 0 0 47 0 169529 7 2 2 9 0 6 7 45 2 1 0 0 0 0 0 3 0 10 2 28 1 0 0 1 0 0 0 0 1 4 0 55 0 3 3 4 4 1 0 0 1 1 0 0 1
169 GGT 0 0 0 0 1 0 0 0 0 0 1 7 0 0 0 0 0 1 0 2 0 0 0 0 0 0 0 2 0 0 0 0 0 0 0 10 0 1 1 0 11 17 69 168978 0 0 0 1 14 0 6 1 0 0 1 0 0 0 0 0 0 1 0 0
170 TCG 0 0 0 0 0 0 0 0 0 0 0 1 0 0 0 0 0 0 0 0 2 0 9 1 0 3 0 0 0 0 2 0 0 1 0 0 0 0 3 1 0 0 3 0 0 0 0 2 0 1 2 0 50 7 169122 65 0 0 3 0 0 0 39 0
171 ACT 0 0 0 4 1 26 0 169723 0 0 0 3 0 0 1 9 1 1 0 0 0 2 0 2 1 0 0 0 1 0 3 0 0 0 0 0 0 0 0 13 0 0 0 1 0 0 0 1 0 0 0 0 0 0 0 2 0 1 3 2 0 0 0 0
172 CTC 0 0 0 1 5 2 1 0 0 1 0 0 1 5 0 0 2 3 0 0 0 13 0 0 0 1 2 0 3 169606 19 9 0 0 1 0 1 0 0 0 0 1 0 1 0 0 0 0 5 0 2 0 0 0 0 0 0 0 1 3 0 2 4 1
173 CCT 0 0 0 1 0 0 0 1 0 4 3 0 0 6 0 0 0 1 3 7 58 54 666 169009 0 0 0 0 0 0 0 5 0 0 0 0 0 4 1 6 0 0 0 0 0 0 0 0 3 0 1 0 0 9 2 13 0 1 0 2 0 0 2 0
174 AGG 0 0 11 0 0 0 0 0 14 0 169784 2 0 0 7 0 0 0 0 0 0 0 1 0 0 2 4 0 1 5 0 11 0 0 0 0 0 0 0 0 0 0 17 0 0 0 0 0 6 0 4 0 0 0 0 0 0 0 0 0 0 0 0 0
175 AGG 2 1 16 0 0 1 0 0 12 0 169513 1 0 1 0 0 0 0 0 0 0 0 0 0 6 0 0 13 0 0 0 0 0 0 0 0 0 0 0 0 1 0 18 1 0 0 0 0 0 0 1 0 0 0 1 1 7 0 2 0 0 0 0 0
176 TCT 0 7 0 0 0 0 0 4 0 0 0 1 0 0 0 0 0 0 1 0 1 0 0 9 0 1 0 0 0 0 0 0 1 0 0 1 0 0 4 2 0 0 0 3 0 0 0 0 1 0 0 4 2 161 8 169658 0 1 0 1 0 0 1 2
177 GGA 1 0 0 0 0 0 0 0 9 0 0 0 0 0 0 0 0 1 0 0 0 0 0 0 2 0 0 3 0 1 0 0 7 0 0 0 0 0 0 1 169736 0 29 19 0 0 0 0 0 0 1 0 1 0 1 0 0 0 0 0 2 0 0 0
178 GCT 7 2 0 0 0 0 4 21 0 0 0 0 0 0 2 1 1 0 5 0 1 16 3 3 0 10 3 0 0 4 0 0 0 1 0 3 7 59 2 169251 0 0 1 1 0 0 0 23 2 0 0 0 6 3 0 7 2 4 2 0 0 0 2 0
179 GCA 0 0 0 0 96 0 0 0 0 0 0 0 0 0 0 0 0 0 0 0 1 0 0 0 0 0 0 0 0 1 0 0 2 0 0 0 168717 80 145 30 0 0 0 0 30 0 0 0 3 0 2 0 0 1 2 7 0 0 0 2 0 1 0 2
180 GGC 0 0 0 0 0 11 0 1 0 6 0 0 0 1 0 0 0 0 0 0 0 1 0 0 0 0 0 1 0 0 0 0 1 14 0 0 0 0 2 0 7 169107 10 65 0 2 1 0 0 0 0 0 0 1 0 0 3 6 0 0 0 0 0 0
181 GCT 0 2 0 3 6 0 0 78 0 3 0 0 0 0 4 0 1 19 0 0 0 0 2 0 0 0 4 1 0 3 0 0 0 1 2 6 1 106 21 168597 1 0 3 0 1 0 0 9 0 0 4 0 0 0 1 4 1 0 9 0 0 0 0 1
182 GCA 0 0 0 4 78 1 0 0 0 2 1 0 0 0 0 0 0 3 2 0 2 0 2 0 1 1 0 0 0 0 0 0 0 0 0 3 168773 29 31 6 1 0 3 0 84 0 0 0 0 0 0 0 1 0 1 0 0 0 0 0 0 0 0 0
183 GTC 0 0 0 3 2 16 0 0 0 1 1 0 2 26 2 0 1 0 4 0 0 2 0 1 0 0 2 1 0 3 0 0 0 0 0 0 0 11 0 0 0 1 0 0 6 169402 6 29 0 2 0 0 3 0 0 0 0 0 0 0 0 2 0 0
184 AAA 169481 16 75 12 5 0 0 0 9 0 0 0 0 0 0 0 0 2 0 1 0 1 0 0 0 0 1 0 1 0 2 0 8 0 0 0 0 0 0 0 2 0 0 0 0 0 1 1 8 0 1 0 0 1 0 0 2 0 0 0 0 0 0 0
185 GGA 1 0 0 0 0 0 0 0 18 0 0 0 0 0 0 0 0 0 0 0 1 0 0 3 0 0 0 3 0 0 0 0 6 0 0 0 0 0 0 0 169788 15 23 13 2 0 0 0 2 0 2 0 0 0 0 4 11 0 0 0 0 0 0 0
186 GTT 0 0 0 2 0 0 1 1 0 0 0 0 5 55 1 74 1 0 0 0 0 0 1 0 0 0 0 0 3 0 0 1 0 0 0 1 2 0 0 4 6 1 4 4 41 24 13 169631 3 0 2 2 0 0 0 0 0 0 0 3 0 0 1 2
187 GGG 0 1 0 0 0 0 0 0 0 1 8 0 0 0 0 0 0 0 1 0 0 0 2 1 0 0 0 0 0 0 0 0 0 4 14 0 0 1 0 1 12 2 169565 1 0 0 3 1 2 1 0 0 0 0 1 0 0 1 1 2 0 0 0 0
188 ACA 2 1 0 0 169644 2 43 6 1 0 0 0 4 0 0 0 0 0 0 2 2 0 4 0 0 0 0 2 0 0 0 0 0 0 0 0 12 0 0 1 1 0 0 0 0 0 1 0 0 0 0 0 6 0 1 0 0 0 0 0 0 1 0 0
189 ATG 1 1 1 0 0 0 10 0 0 0 1 1 24 0 169691 23 0 1 1 0 0 0 0 0 0 0 0 0 15 5 21 2 0 0 0 1 0 0 0 0 5 0 0 0 0 0 23 0 0 0 1 0 3 0 0 0 1 15 2 25 0 2 0 0
190 GTG 0 0 0 2 1 1 3 3 0 2 0 0 0 3 13 14 0 0 1 0 0 1 0 0 0 1 1 0 1 0 0 1 0 0 1 0 1 4 20 0 0 0 7 1 38 12 169594 1 0 1 0 0 1 1 7 2 1 5 0 8 0 0 2 0
191 ATG 0 0 1 2 0 2 11 0 0 0 1 0 18 3 169652 4 0 0 0 2 0 0 0 0 0 1 2 0 0 0 2 0 0 0 1 0 1 0 1 1 1 0 1 0 0 0 9 0 2 0 4 4 0 0 0 0 0 0 1 2 2 0 2 0
192 GAG 0 0 8 1 0 0 0 0 0 0 0 0 0 0 0 0 0 0 0 0 0 0 0 0 2 1 0 2 1 1 0 0 45 0 169797 4 0 3 3 0 0 1 25 0 0 0 2 0 0 0 3 0 0 2 0 0 0 0 0 0 0 0 0 0
193 TTG 0 0 0 1 1 0 0 0 0 1 0 0 0 0 0 0 0 0 0 0 0 0 0 0 0 0 1 0 0 0 62 1 0 0 0 0 0 0 1 0 0 0 3 1 2 0 1 0 0 0 1 0 0 1 14 0 2 0 0 4 27 0 169743 0
194 ATA 0 0 1 0 18 2 0 1 1 1 1 0 169803 10 11 16 1 0 0 1 0 1 0 4 0 0 0 0 2 0 1 0 0 0 0 0 2 2 0 0 1 0 0 0 23 0 1 3 2 0 0 0 0 0 0 0 0 1 0 0 3 0 0 0
195 AGG 0 0 5 0 3 0 0 0 24 0 169748 1 1 0 11 2 0 0 1 2 1 1 0 0 8 2 8 19 0 4 1 0 0 0 0 0 0 4 0 0 0 0 19 0 0 1 0 0 0 0 0 0 0 0 0 0 1 0 1 0 0 0 0 0
196 ATG 2 0 0 0 0 0 11 0 0 0 0 0 13 1 169780 1 3 2 1 0 4 1 0 0 1 0 0 0 0 1 2 0 2 0 0 0 11 0 0 0 0 0 2 3 0 0 12 0 0 0 0 1 6 0 0 0 1 0 7 0 0 0 0 0
197 ATC 0 0 0 0 0 7 45 0 1 0 0 0 10 169624 2 75 0 1 0 0 0 0 0 0 0 1 0 0 0 0 0 0 0 1 0 0 0 15 0 0 1 6 0 0 2 29 19 15 1 0 3 0 0 0 0 0 0 0 0 0 0 2 1 0
198 AAA 169893 5 11 0 1 0 0 0 11 0 0 0 0 0 0 0 0 0 0 0 0 1 0 0 0 0 0 0 0 0 0 0 9 0 0 0 0 0 0 0 1 1 1 1 1 0 0 0 2 0 3 0 0 0 1 0 0 0 0 0 1 0 0 0
199 CGT 2 0 0 1 0 0 0 0 0 0 8 7 0 0 3 0 0 3 0 22 0 2 0 0 0 8 8 169808 0 0 0 8 1 0 0 0 0 0 0 0 0 0 0 0 0 1 0 0 0 0 0 0 0 0 0 0 0 0 0 13 0 0 1 0
200 GGG 1 0 0 1 0 4 4 0 0 1 25 0 0 0 4 0 0 0 0 0 0 0 0 0 0 0 2 0 0 0 1 0 0 0 11 1 0 6 1 0 59 7 168738 2 0 0 1 4 0 0 0 0 0 0 0 0 0 0 4 0 0 0 0 0
201 ATC 6 6 1 0 2 17 0 0 0 0 1 0 8 169713 0 7 4 5 0 1 0 1 2 0 0 0 0 1 1 2 6 3 0 0 0 0 1 1 0 2 0 2 0 1 2 35 16 23 0 1 0 0 0 0 0 1 0 1 1 7 0 3 0 0
202 AAT 4 49 0 169738 0 6 0 8 1 0 0 12 0 0 0 15 1 1 0 2 0 1 0 0 0 0 0 0 1 0 0 0 0 0 0 33 1 0 4 0 0 0 4 0 8 0 0 0 1 1 0 0 0 0 0 0 0 1 3 0 0 0 2 3
203 GAT 3 0 0 8 0 0 0 0 1 0 0 1 0 0 0 0 0 0 0 1 0 1 0 0 0 0 0 0 0 0 0 0 3 18 2 169839 0 0 0 1 0 1 0 10 2 0 1 3 0 0 0 0 0 1 0 0 0 0 0 0 1 0 0 0
204 CGG 2 1 1 0 0 0 0 0 6 0 37 1 0 0 0 0 0 0 20 0 0 0 0 1 22 21 169538 13 0 1 3 0 1 1 0 0 0 1 0 2 1 0 0 0 0 0 0 6 1 0 0 0 1 0 0 0 3 2 16 0 0 3 0 0
205 AAC 2 167285 0 10 0 1 0 0 0 5 0 1 17 0 0 0 0 2 0 0 0 3 0 0 0 0 0 0 0 0 0 0 0 3 0 0 16 1 1 3 0 0 1 0 0 0 0 0 2 6 0 0 2 0 0 0 0 1 0 0 0 0 1 2
206 TTC 0 0 1 0 0 2 0 0 0 0 1 0 9 0 4 0 2 0 0 0 0 0 1 0 0 0 0 0 0 11 0 0 0 0 1 0 0 1 0 2 0 0 0 0 1 0 0 0 0 0 0 0 0 6 0 0 0 1 0 0 6 169647 0 3
207 TGG 0 0 0 0 0 0 0 0 0 0 0 0 0 0 1 0 0 4 0 0 0 0 0 0 0 1 21 0 0 0 0 0 0 0 0 0 0 0 0 0 0 1 0 0 0 0 0 0 0 5 12 1 2 0 0 0 13 0 169574 2 0 8 2 24
208 AGA 5 0 0 0 0 0 0 0 168019 0 72 0 0 1 0 0 0 1 0 0 1 4 0 0 58 30 1 0 1 0 0 1 0 0 0 0 0 0 0 0 11 0 1 0 0 0 0 0 1 0 0 0 0 3 0 1 1 0 0 0 0 0 0 0
209 GGT 0 0 0 0 0 0 0 0 0 0 1 18 0 0 0 0 0 2 0 0 0 0 0 0 0 0 0 1 0 0 0 0 0 0 0 8 0 0 1 1 7 30 88 147573 0 0 2 1 0 0 0 0 2 0 0 0 0 0 2 3 0 0 0 0
210 GAA 17 0 0 0 0 1 0 0 0 14 0 0 0 0 1 0 0 1 1 2 1 0 2 0 0 0 0 0 0 1 0 0 166497 13 10 2 0 0 0 0 22 0 0 0 1 0 0 0 5 1 0 0 0 0 0 0 0 0 0 0 0 0 0 0
211 AAT 2 9 3 156371 3 0 2 11 0 27 0 9 0 83 0 0 0 2 2 2 0 5 0 7 1 0 0 0 1 0 0 0 0 0 58 6 2 0 4 1 0 30 29 0 0 36 12 6 0 0 0 0 0 0 21 4 6 8 0 6 0 5 76 0
212 GGA 1 0 0 0 1 0 0 2 21 0 0 0 0 0 1 0 0 0 0 0 0 0 1 2 0 0 0 0 1 0 0 0 6 0 2 0 1 3 0 0 157456 3 32 41 3 0 0 1 0 0 0 0 0 1 0 0 17 0 3 1 0 0 0 0
213 CGA 0 0 0 0 0 2 0 0 6 0 13 0 0 1 0 0 31 0 1 0 0 2 0 0 156777 14 23 1 5 1 3 0 0 1 0 0 0 0 0 0 0 0 0 1 0 2 0 0 0 1 3 0 0 0 0 0 18 0 0 0 0 0 0 1
214 AAA 162662 2 9 1 0 1 1 1 21 0 5 0 4 1 0 0 1 3 0 0 0 1 0 0 0 2 0 0 0 0 1 1 7 0 0 0 0 1 0 1 0 0 18 4 0 0 4 0 1 0 0 0 0 0 1 0 0 0 0 0 0 0 0 0
215 ACA 1 0 0 0 164961 42 33 24 0 0 0 0 4 0 0 0 0 0 1 0 35 0 0 0 0 0 0 0 0 0 0 0 0 1 0 1 24 11 0 0 0 0 3 21 0 1 0 1 0 0 0 0 0 0 0 5 1 0 0 0 0 0 0 0
216 AGG 1 0 12 0 0 0 0 0 27 0 159709 0 0 0 15 0 0 0 0 1 0 0 0 0 1 0 13 0 0 4 0 0 0 0 0 0 0 0 0 0 0 0 32 0 0 0 0 0 0 0 0 0 0 0 0 1 1 1 5 2 0 0 0 0
217 AGT 1 6 0 42 5 23 11 1 4 18 1 146483 0 0 1 3 3 2 0 1 0 0 0 1 1 1 0 4 0 0 2 0 0 0 0 0 0 6 0 1 0 0 0 11 0 1 0 2 0 0 0 1 1 0 13 0 0 0 0 2 2 0 0 0
218 GCT 0 1 0 0 0 0 0 25 0 58 0 12 0 0 0 1 0 0 0 0 0 0 0 0 0 0 0 0 0 0 8 0 0 0 1 3 5 13 2 146970 0 0 0 0 0 0 0 3 0 0 0 1 0 0 0 1 0 0 0 0 0 0 0 0
219 TAC 0 1 0 0 0 0 0 0 0 0 0 0 0 0 0 0 0 15 0 0 2 0 0 0 0 0 0 0 0 3 0 1 0 0 0 0 0 0 0 0 0 0 1 0 0 0 0 0 3 156663 0 23 0 2 0 2 0 6 0 0 0 3 0 0
220 GAG 0 0 8 1 61 0 6 0 0 0 0 0 0 1 0 2 0 0 0 0 0 0 0 0 0 0 1 0 0 0 0 0 0 0 153411 5 0 0 1 0 0 0 13 0 0 0 1 0 0 0 1 0 0 0 0 0 1 0 0 0 2 1 0 0
221 AGA 17 0 4 0 0 0 0 0 158877 0 16 1 1 0 0 0 0 0 10 0 0 0 0 0 2 0 1 0 0 0 0 0 0 0 0 0 0 0 0 0 11 0 0 0 0 0 0 0 0 0 0 0 0 0 0 0 2 0 0 0 0 0 0 0
222 ATG 0 1 1 0 0 0 6 7 0 1 0 0 7 1 148325 3 6 0 0 0 0 0 0 0 0 1 0 0 0 1 2 0 0 0 0 0 0 0 0 3 0 0 20 1 0 0 3 0 0 1 0 0 0 0 0 0 0 0 0 1 0 1 0 0
223 TGC 0 0 0 0 0 101 0 0 0 0 0 0 0 0 0 0 0 0 0 0 0 0 0 0 0 5 0 0 0 0 0 0 0 0 0 0 0 0 0 0 0 0 0 0 0 0 0 0 0 20 0 0 0 0 0 0 1 137150 0 49 0 0 0 0
224 AAC 1 139205 0 9 0 0 0 0 0 9 0 0 0 0 0 0 0 1 0 0 0 0 0 0 0 0 0 0 0 0 0 0 0 4 0 0 0 0 0 0 0 0 0 0 0 0 0 0 0 2 1 0 0 0 0 0 0 0 0 0 0 0 0 0
225 ATT 0 0 0 1 0 0 0 6 0 0 0 2 0 8 0 169768 0 0 0 1 0 0 0 0 0 0 0 0 0 0 11 0 0 0 0 0 0 0 0 0 0 0 4 0 0 2 0 11 0 0 0 0 0 0 0 0 0 12 1 0 0 5 0 1
226 CTC 0 0 0 0 0 0 0 0 0 0 0 0 0 4 0 0 0 0 0 0 0 21 0 0 0 3 0 0 2 169732 0 2 0 0 0 0 0 0 0 0 0 0 0 0 0 0 0 0 0 0 0 0 0 0 0 0 0 0 0 2 0 1 0 0
227 AAA 169592 3 60 0 1 0 0 0 14 0 0 0 0 0 0 0 0 0 0 0 0 0 0 0 0 0 3 0 0 0 0 0 7 0 0 0 0 0 0 0 0 0 0 0 0 0 0 0 1 0 0 0 0 0 0 0 0 0 0 0 0 0 0 0
228 GGA 0 0 3 0 3 0 0 0 8 11 0 0 0 0 0 0 0 0 0 1 0 0 0 0 0 0 0 0 0 0 0 0 16 0 1 0 0 14 0 0 169712 7 22 1 2 0 2 0 0 0 0 0 0 0 2 0 1 0 0 0 3 0 0 9
229 AAA 169539 0 14 4 0 0 0 0 7 0 0 0 0 0 0 0 0 0 0 0 0 0 0 0 0 0 0 0 0 0 0 0 7 0 0 0 0 0 0 0 0 1 0 0 0 0 0 1 1 0 0 0 0 0 0 0 0 0 0 0 0 0 0 0
230 TTT 0 0 0 2 0 0 0 0 0 0 0 0 0 0 0 0 0 0 0 0 0 1 0 0 3 0 0 1 0 0 0 5 0 0 1 0 0 0 0 0 1 0 0 0 0 0 6 1 0 9 0 1 0 0 0 4 0 0 1 0 0 15 0 169768
231 CAA 0 0 0 0 0 13 0 0 1 0 1 0 2 2 1 0 169601 1 21 2 0 1 18 1 67 1 0 0 8 10 14 0 0 0 0 0 0 1 1 0 2 0 1 2 0 0 0 0 1 3 0 0 0 0 0 0 0 1 0 0 0 0 0 0
232 ACA 1 0 0 0 169794 11 2 0 1 0 0 4 5 2 0 0 0 1 0 4 4 3 1 1 5 2 0 0 0 1 1 0 0 0 0 0 12 0 3 0 0 0 0 0 0 1 0 0 1 0 0 0 1 0 0 2 3 0 0 0 0 0 0 0
233 GCT 0 0 2 57 0 0 0 18 3 1 0 0 0 1 0 1 2 4 4 4 14 0 0 51 0 1 0 0 1 0 0 0 0 0 0 5 10 25 3 169539 0 0 0 4 0 0 1 22 3 0 0 1 0 0 0 3 0 2 1 0 0 0 0 0
234 GCA 0 0 0 0 78 0 0 1 0 0 0 6 0 0 0 0 0 0 0 0 27 9 5 2 0 0 0 0 0 0 0 0 0 0 0 0 169332 1 6 1 1 1 0 0 14 6 0 0 0 0 0 0 0 0 4 0 0 2 0 5 0 1 0 0
235 CAA 1 0 0 0 0 0 0 0 1 0 0 1 0 0 0 0 169787 2 9 1 0 0 1 0 13 0 0 4 0 1 2 0 0 0 0 0 0 4 0 0 0 0 0 0 0 0 0 0 11 0 0 0 0 0 0 0 0 0 0 2 0 0 0 0
236 AGG 8 0 29 1 0 0 0 0 54 0 169609 1 2 0 6 0 2 0 0 0 1 0 0 0 75 2 8 2 0 1 0 0 0 0 1 0 0 0 0 0 0 0 34 0 0 1 0 0 0 0 0 0 0 0 0 0 1 0 2 1 0 0 0 0
237 GCA 11 0 0 0 32 5 2 5 0 2 1 5 0 0 0 0 0 0 0 0 2 1 2 1 0 0 0 0 5 0 0 0 8 1 0 0 169560 1 5 14 5 0 3 3 37 0 0 0 4 0 2 0 62 2 1 0 0 0 0 0 0 0 2 0
238 ATG 0 0 3 0 0 1 4 0 0 0 0 1 9 0 169625 6 0 0 0 0 0 1 1 0 0 0 0 1 0 2 2 10 0 0 1 0 0 0 5 0 0 0 2 1 0 0 11 0 0 1 0 0 0 2 1 0 1 0 0 0 0 0 1 0
239 ATG 0 0 1 0 4 0 8 2 0 1 5 0 24 0 169697 8 1 1 0 0 0 0 0 0 1 0 1 3 0 0 0 0 0 0 0 0 0 1 35 0 0 0 1 1 0 0 52 0 1 1 1 0 1 1 1 1 0 0 0 0 2 0 2 1
240 GAT 4 1 0 14 0 0 5 4 0 0 0 2 0 0 1 0 22 0 1 2 0 0 0 0 0 0 0 0 0 0 0 0 4 23 2 169737 0 0 0 0 0 0 4 14 0 0 0 0 0 0 1 3 0 0 0 1 0 0 0 0 0 0 0 0
241 CAA 5 0 0 0 2 2 1 0 1 0 4 3 0 0 0 2 169639 4 41 0 1 2 0 0 36 0 0 1 1 1 0 0 0 0 0 0 2 0 0 0 0 1 1 1 0 0 0 0 23 0 0 0 0 0 2 0 0 0 0 2 1 0 0 0
242 GTG 1 0 0 0 0 0 0 0 0 0 9 0 0 0 29 2 1 0 0 0 0 1 0 0 0 0 0 1 0 0 0 3 2 0 3 0 1 2 8 0 0 0 8 1 178 23 169468 26 0 0 1 0 0 0 0 0 0 1 2 0 0 0 2 2
243 AGA 8 0 23 0 0 0 0 0 169593 1 68 3 5 0 0 0 0 2 0 0 2 0 2 0 1 2 8 1 0 4 0 0 0 0 0 0 0 4 3 17 24 7 0 0 1 1 4 0 0 0 0 2 0 0 0 0 5 0 2 2 0 11 1 0
244 GAA 21 0 1 0 4 5 3 1 0 2 0 0 0 0 0 1 0 0 2 0 1 2 1 0 0 1 0 0 0 1 0 0 169807 1 30 1 2 7 0 10 11 2 1 0 1 0 1 0 1 0 5 0 2 0 2 0 1 0 1 0 0 4 0 0
245 AGT 0 0 0 12 0 0 2 1 0 16 1 169277 0 0 0 8 0 0 0 0 0 19 2 0 0 1 0 3 0 0 0 0 0 0 0 0 0 7 32 0 3 11 42 31 0 0 0 0 0 0 0 0 0 3 0 0 0 2 0 6 0 2 0 0
246 CGG 0 0 0 0 0 5 1 0 0 0 9 0 1 0 0 0 0 3 28 0 0 1 1 0 32 0 168782 1 0 0 3 0 0 0 0 0 0 4 0 4 1 0 1 0 0 0 2 0 0 2 0 0 0 0 0 0 0 0 18 0 0 0 0 0
247 AAC 8 169574 2 30 3 1 0 0 0 6 3 0 0 1 1 0 0 2 1 0 0 0 0 3 0 2 1 2 0 0 0 8 0 13 0 0 1 3 1 0 2 7 2 0 0 0 3 0 0 0 0 2 0 43 0 0 0 0 1 4 0 0 0 1
248 CCA 0 0 0 0 1 0 1 1 0 0 0 0 0 0 0 0 4 1 4 0 169718 12 58 7 0 0 0 0 2 0 3 0 0 1 0 0 0 0 0 0 4 0 0 0 0 2 2 0 2 0 0 0 1 0 0 0 0 0 0 0 0 0 0 0
249 GGA 0 2 0 0 0 0 0 0 7 0 0 0 0 0 0 0 0 0 0 0 0 0 0 1 0 0 0 0 0 0 0 0 4 0 0 0 2 0 0 0 169800 1 20 50 0 0 2 0 0 1 0 0 0 0 0 0 6 0 0 0 0 0 0 0
250 AAT 11 7 5 169702 0 0 2 2 0 1 5 12 0 0 0 2 1 0 0 1 0 0 0 0 0 0 3 2 1 0 1 1 0 0 0 6 9 0 0 0 0 0 7 4 1 1 2 2 0 0 4 0 1 1 2 0 1 0 1 5 1 0 0 0
251 GCT 0 0 0 0 0 0 0 32 0 0 0 0 0 0 0 0 0 0 0 0 0 0 0 0 0 0 0 0 0 0 0 0 0 0 0 5 5 27 13 183154 0 0 0 0 0 0 1 25 0 0 0 1 1 0 0 5 0 0 0 11 0 0 1 0
252 GAG 0 0 3 0 0 0 0 0 0 0 0 0 0 0 0 0 0 0 0 0 0 0 0 0 0 0 0 0 0 0 0 0 47 0 183210 0 0 0 1 0 0 0 21 0 0 0 1 0 0 0 1 0 0 0 0 0 0 0 0 0 0 0 0 1
253 ATC 0 0 1 0 0 7 0 0 0 0 0 0 4 183186 3 18 0 0 0 0 0 0 0 0 0 0 0 0 0 0 0 0 0 0 0 0 0 0 0 0 0 0 0 1 0 5 0 3 0 0 0 0 1 0 1 0 0 0 0 0 0 0 0 0
254 GAA 33 0 0 0 0 0 0 0 0 0 0 0 0 0 0 0 0 0 0 0 0 0 0 0 0 0 0 0 0 0 0 0 183290 2 13 1 0 0 0 0 14 0 0 0 1 0 0 0 2 0 0 0 0 0 0 0 0 0 0 0 0 0 0 0
255 GAT 0 0 0 3 0 0 0 0 0 0 0 0 0 0 0 0 0 0 0 0 0 0 0 0 1 0 0 0 0 0 0 1 1 25 1 183380 0 0 1 1 0 0 0 6 0 0 0 0 0 0 0 1 0 0 0 0 1 0 0 0 0 0 2 0
256 CTC 2 0 0 0 0 0 0 0 0 0 0 0 0 1 0 0 0 5 0 0 0 20 0 0 0 5 0 0 8 183251 3 25 0 0 0 0 0 0 0 0 1 0 1 0 0 0 0 4 0 0 1 0 1 0 0 1 0 0 0 5 0 2 8 0
257 ATC 0 0 0 0 0 11 1 0 1 12 0 0 6 183064 1 5 0 1 1 2 0 1 0 0 0 1 0 0 10 12 3 1 0 1 0 0 0 0 3 0 0 0 0 0 0 11 0 0 0 4 0 0 0 1 0 0 0 1 0 2 0 1 54 1
258 TTT 0 0 1 0 0 0 0 0 0 0 0 0 0 0 0 3 0 3 2 0 1 0 0 0 0 0 0 1 0 1 0 5 7 0 0 0 1 0 0 0 4 2 1 0 0 7 1 0 0 0 1 0 0 0 1 7 0 0 0 2 3 19 2 183330
259 CTG 0 0 1 0 0 0 0 1 0 0 1 0 1 1 9 0 0 0 3 0 0 0 4 0 1 0 2 0 14 6 183289 3 0 3 0 1 0 0 0 0 0 1 0 0 1 0 3 1 0 1 0 1 0 1 0 0 0 0 0 0 2 0 7 0
260 GCA 0 0 0 0 52 0 0 0 0 0 0 0 0 0 0 0 0 1 0 1 3 0 0 0 0 0 0 0 0 0 0 0 2 0 0 0 182870 0 31 9 2 3 0 1 33 0 0 0 0 0 0 0 3 2 3 4 0 2 0 0 0 0 0 0
261 CGG 0 0 0 0 0 0 0 0 0 0 200 0 0 0 0 0 0 0 26 0 0 0 0 0 27 0 182453 59 0 0 3 2 0 0 0 0 0 0 0 0 0 0 3 0 0 0 0 0 0 1 0 0 0 0 1 0 0 0 32 0 0 2 0 0
262 TCT 0 0 0 0 0 0 4 0 0 0 0 4 1 0 0 0 0 0 0 0 0 0 0 14 0 0 0 0 0 0 0 0 0 0 0 0 5 0 0 2 0 1 0 0 0 0 1 1 4 0 5 5 19 85 4 182874 0 0 0 0 0 0 0 4
263 GCA 0 1 0 0 68 0 0 0 1 5 1 0 13 0 0 0 2 0 0 0 1 0 0 2 0 0 0 0 0 0 0 0 1 0 0 0 183089 37 9 1 2 2 5 0 37 0 0 0 4 0 0 0 5 1 0 2 0 0 0 0 0 1 0 0
264 CTC 1 0 0 3 0 0 2 1 0 2 0 0 2 2 0 0 3 4 0 5 0 17 0 0 0 0 0 0 43 183114 3 12 1 0 0 0 0 0 1 0 0 0 0 0 1 0 0 2 2 0 1 0 0 0 0 0 2 0 0 1 1 15 2 2
265 ATA 0 0 0 0 16 5 6 1 0 0 0 1 182955 3 14 6 0 0 1 0 1 3 2 0 13 0 0 0 15 25 8 0 0 0 0 0 1 1 7 0 0 0 1 0 27 1 0 6 0 0 2 1 0 1 0 3 1 4 1 1 3 0 1 0
266 TTG 3 0 0 0 0 0 0 0 0 0 0 0 19 0 1 0 1 1 0 0 0 0 0 0 1 1 1 0 25 5 14 17 0 2 1 0 0 0 1 0 0 2 6 0 3 1 3 0 0 0 6 0 0 0 17 0 0 0 2 1 13 0 183113 2
267 AGA 14 0 30 2 0 2 0 0 183173 2 75 2 1 1 1 0 0 0 0 0 1 17 2 1 1 0 9 4 0 1 0 4 0 0 0 0 0 0 0 0 25 0 1 0 0 0 0 0 1 1 1 0 2 0 0 0 2 0 1 0 0 1 0 0
268 GGG 0 0 0 6 155 1 0 0 0 2 3 2 0 0 0 0 0 0 1 0 0 35 10 0 0 2 1 0 0 0 0 0 0 0 14 0 0 0 0 0 26 0 182982 1 0 2 9 16 1 1 0 0 0 21 26 6 0 0 4 0 0 0 0 1
269 TCA 0 0 0 0 0 6 2 0 0 28 0 1 0 0 0 0 0 1 0 0 11 6 0 0 0 3 0 0 0 0 0 0 0 0 0 0 18 9 0 7 0 0 0 0 0 0 0 1 3 0 0 1 183163 4 70 2 0 0 0 1 9 0 1 0
270 GTT 0 0 1 0 1 0 1 0 0 0 0 0 4 0 0 20 0 1 0 0 0 0 1 4 1 0 0 0 0 0 0 0 0 0 0 0 0 0 0 13 0 0 0 0 20 61 5 183227 0 0 0 1 2 2 3 0 0 1 0 0 3 0 0 2
271 GCT 0 1 6 1 0 1 3 38 0 1 0 0 0 0 0 0 0 3 1 0 1 2 0 0 0 0 0 0 0 0 2 0 0 0 0 2 26 30 3 183176 1 8 3 11 0 0 0 34 0 0 2 0 0 5 2 3 0 0 0 0 0 0 0 0
272 CAC 1 2 0 0 0 0 1 1 0 0 0 1 0 0 0 0 3 183224 0 11 0 2 2 0 1 15 0 0 2 3 3 0 0 0 1 0 0 4 0 0 0 0 1 0 0 0 1 0 0 19 0 2 1 0 0 0 2 0 0 0 0 0 1 0
273 AAA 183182 2 80 19 1 0 1 0 5 0 2 0 1 0 0 0 0 3 0 0 0 0 1 0 1 0 0 0 0 0 0 1 14 0 1 0 0 0 0 4 4 1 0 2 0 0 0 0 2 0 0 2 0 1 0 0 1 0 7 1 2 0 0 0
274 TCT 1 0 0 0 11 7 17 4 0 28 0 76 1 0 0 0 0 4 0 0 0 8 0 11 0 0 0 0 0 0 0 0 1 3 1 0 6 1 2 7 1 3 0 0 0 0 0 0 4 0 0 9 29 75 4 183091 4 2 0 1 0 0 0 3
275 TGT 1 0 1 0 0 0 0 0 2 4 1 3 0 0 0 1 0 1 1 0 1 1 0 0 0 0 0 19 0 1 3 0 0 1 4 0 0 7 0 1 0 0 0 0 1 2 3 5 5 0 1 7 2 1 1 4 0 28 0 183256 1 1 0 4
276 CTG 0 0 0 0 0 0 0 0 1 2 3 0 3 1 3 0 3 0 3 1 0 1 11 0 0 0 4 0 103 2 183130 10 0 0 0 0 0 0 1 0 0 0 0 0 0 3 0 0 0 0 0 0 0 1 3 0 1 0 0 0 0 2 29 0
277 CCC 1 0 1 0 0 4 0 0 0 0 0 2 0 0 0 0 1 1 0 0 28 183161 0 28 0 2 0 0 0 2 0 0 0 0 0 0 0 1 1 0 0 2 1 1 0 0 0 0 0 0 2 0 0 43 0 0 0 0 0 0 0 0 0 0
278 GCC 0 0 2 0 1 31 0 0 0 0 0 0 0 0 3 0 3 1 0 0 0 3 0 0 0 0 0 0 0 0 1 0 0 0 0 0 39 182107 20 22 0 1 1 0 8 13 0 0 0 0 2 0 0 5 1 0 0 0 1 3 0 2 0 0
279 TGT 0 1 0 0 1 0 1 0 0 0 0 6 0 0 1 0 0 1 0 0 1 3 0 0 0 0 2 82 0 2 0 0 3 0 2 1 0 0 0 2 1 1 1 23 0 0 0 1 0 0 0 25 0 0 0 1 3 104 1 183051 0 0 1 2
280 GTG 0 1 1 0 0 0 1 1 0 1 0 0 52 9 42 0 0 0 0 2 0 3 0 3 0 0 1 0 0 0 0 1 0 0 0 0 0 1 15 5 0 0 1 0 53 78 183042 26 0 0 0 0 0 0 0 0 0 26 1 7 0 0 1 0
281 TAT 0 6 1 2 0 0 0 0 0 0 0 0 2 0 0 0 0 1 0 30 0 1 4 1 0 0 2 0 0 0 0 1 1 0 1 0 0 0 1 0 2 0 4 1 0 0 0 1 1 25 4 183297 0 0 0 1 0 0 0 11 0 0 0 2
282 GGA 0 0 9 0 0 0 0 0 14 0 1 1 0 0 0 1 0 0 0 0 0 0 1 0 0 0 0 0 0 0 3 0 11 0 0 0 1 1 2 14 183138 4 72 45 4 1 0 0 1 0 0 0 0 1 0 1 2 0 2 1 0 1 0 1
283 CCT 0 2 2 5 11 14 10 95 3 3 10 12 6 1 11 0 38 3 8 45 16 63 18 182060 26 14 36 16 0 3 37 81 2 4 24 1 9 23 44 104 37 7 109 25 1 5 147 4 0 2 0 0 10 24 15 41 0 0 49 15 2 0 1 6
284 GCC 0 0 0 0 0 51 2 0 0 0 1 1 0 0 0 0 0 0 0 0 0 0 0 0 0 0 4 0 1 0 1 0 0 1 0 0 17 183095 12 53 1 0 7 0 9 27 0 0 0 0 0 1 0 6 0 0 0 0 0 2 0 0 0 9
285 GTA 1 1 0 0 0 0 1 0 2 5 0 0 25 2 0 1 1 0 0 0 1 2 0 0 0 1 0 0 1 1 0 0 0 0 0 0 13 0 0 0 0 0 0 0 182510 0 29 0 0 0 2 0 0 0 0 1 0 0 0 0 7 0 0 0
286 GCC 0 0 0 1 1 19 0 0 0 0 0 0 0 0 2 1 0 0 0 1 0 1 1 0 0 0 0 3 0 0 0 3 0 2 0 0 6 183230 0 7 0 0 0 0 0 11 0 2 0 0 0 0 2 12 0 0 0 0 0 0 1 0 1 0
287 AGT 0 0 0 23 0 0 0 6 14 7 1 182984 0 0 0 0 0 0 0 0 0 0 0 0 0 0 0 31 0 0 0 0 0 0 0 0 0 0 0 0 0 0 0 16 0 0 0 0 0 0 0 0 0 0 0 0 0 0 0 1 0 0 0 0
288 GGC 0 0 0 0 0 0 0 0 0 7 1 0 0 0 0 0 0 0 0 0 0 0 0 0 0 0 0 0 0 0 0 0 0 15 0 0 0 0 0 0 10 183208 0 11 0 0 0 0 0 0 0 0 0 0 0 0 1 2 0 0 0 0 0 0
289 TAC 0 10 0 0 0 0 21 0 0 0 0 0 0 0 1 3 0 173 0 0 0 1 0 0 12 28 0 1 8 0 0 0 2 2 1 0 16 6 4 0 4 24 0 2 0 8 1 0 3 182840 0 81 5 3 2 0 0 7 0 1 0 1 12 0
290 GAC 0 30 0 0 0 0 0 1 2 0 3 0 0 0 1 0 0 0 5 0 1 1 0 0 0 0 0 0 0 0 0 0 8 183016 2 16 0 0 0 1 0 5 8 0 0 0 0 0 0 4 0 0 3 0 0 0 0 0 4 1 0 2 1 0
291 TTC 0 0 0 0 0 0 0 0 0 0 0 0 0 2 0 1 0 0 0 0 0 0 0 0 0 3 0 2 0 4 0 0 0 0 0 0 0 0 1 0 0 1 3 0 0 2 1 0 0 1 0 1 0 18 0 0 0 0 0 0 4 182963 1 4
292 GAA 22 0 0 0 10 0 0 1 5 0 4 0 2 0 0 0 0 0 8 0 1 0 0 0 0 0 0 1 0 0 35 3 181320 1 19 0 4 9 0 23 26 0 10 0 2 18 0 14 0 0 0 0 0 8 0 0 0 20 0 0 0 2 0 1
293 AAA 181898 1 84 1 2 1 1 1 3 0 0 0 0 0 0 0 1 0 0 0 0 0 1 0 0 0 0 5 0 0 0 0 8 0 0 0 0 0 0 0 0 1 0 1 0 0 1 0 0 0 0 0 0 0 1 0 0 0 0 0 0 0 0 2
294 GAG 0 0 39 0 0 0 19 0 6 0 0 0 125 12 1 2 7 127 6 0 0 0 0 0 0 0 0 0 0 3 0 1 12 0 180060 10 0 0 13 0 1 3 195 3 0 0 8 0 0 0 1 0 0 1 6 6 0 0 0 9 0 0 5 3
295 GGA 1 0 0 0 0 2 0 0 6 0 0 0 0 0 0 0 0 0 0 0 0 0 1 0 0 0 0 0 0 0 0 0 8 0 0 0 0 1 0 0 159758 1 22 0 0 0 0 0 0 0 0 0 0 0 0 0 1 0 0 0 0 0 0 0
296 TAC 0 0 0 0 0 0 0 0 0 0 0 0 0 1 0 0 0 9 0 0 0 0 0 0 0 0 0 0 0 0 0 0 0 0 0 1 0 0 0 0 0 0 1 0 0 0 0 0 1 172194 0 8 0 2 0 0 2 20 0 0 0 0 0 0
297 TCT 0 0 0 4 1 1 0 1 0 1 0 26 1 0 0 0 0 0 0 0 0 0 1 2 0 0 0 0 0 0 0 0 0 0 0 2 0 0 0 0 0 0 0 0 0 0 0 0 0 0 0 2 0 21 40 155345 0 0 1 2 0 0 0 2
298 TTA 0 1 0 0 0 0 1 1 0 0 0 0 0 0 1 0 0 0 2 0 0 0 0 0 0 0 0 0 21 0 5 0 0 0 0 0 0 0 0 0 0 0 0 0 0 1 0 4 1 0 0 2 13 0 0 0 1 0 0 0 168358 0 24 1
299 GTG 0 0 0 0 0 0 0 0 6 0 0 0 0 0 15 0 0 0 0 0 0 0 0 0 3 0 2 0 0 0 0 3 0 0 1 0 0 1 14 0 0 0 1 0 14 7 170341 27 1 0 1 0 0 0 0 1 0 0 0 0 0 1 2 0
300 GGA 0 0 1 1 0 0 0 0 7 0 1 0 0 0 0 0 0 0 0 0 0 0 0 0 0 2 0 0 0 0 1 0 9 0 0 0 0 0 0 0 167992 2 22 32 0 0 0 0 0 0 0 0 0 1 0 0 2 0 0 1 0 0 0 0
301 ATA 2 0 0 0 13 0 0 0 0 2 43 0 167066 3 47 53 0 4 1 0 0 0 0 2 0 0 1 5 5 0 1 0 0 0 0 0 0 0 0 0 0 0 3 1 24 44 4 0 1 1 0 1 1 0 0 0 0 0 0 0 4 0 0 0
302 GAC 0 9 0 3 0 1 0 0 2 1 2 0 0 0 2 0 3 0 0 1 0 4 1 0 0 0 1 0 0 0 0 0 4 161894 6 7 21 0 7 0 0 9 1 1 0 2 0 0 0 3 0 2 1 1 1 0 0 0 1 0 0 0 0 0
303 CCT 0 0 0 0 0 0 0 0 0 0 0 0 0 0 0 0 3 0 0 4 5 34 6 167036 1 0 0 0 0 0 0 4 0 0 0 0 1 0 1 0 1 0 2 0 0 0 2 1 0 0 2 0 0 0 0 5 0 0 1 0 0 1 2 0
304 TTC 0 0 0 0 0 1 0 0 0 5 0 1 1 1 1 1 2 0 2 0 0 5 0 0 0 1 2 0 0 17 0 0 0 0 0 0 12 3 16 11 0 0 0 0 9 3 0 1 0 0 1 2 0 11 0 0 0 1 0 0 2 167787 0 4
305 AAA 169432 0 22 0 2 0 0 0 20 0 0 0 0 0 0 1 1 0 1 2 0 0 0 2 0 14 0 0 0 0 0 0 12 0 1 1 1 0 5 0 1 0 1 0 1 1 0 0 2 0 0 0 0 6 0 2 0 2 0 0 0 0 1 0
306 CTG 0 0 0 0 0 0 0 0 1 0 0 0 16 3 2 0 2 3 2 0 0 0 2 0 0 1 0 1 47 1 157423 10 0 0 0 0 0 1 3 0 0 0 4 0 0 1 4 0 11 0 0 0 0 0 0 0 0 0 0 0 0 0 28 0
307 CTT 0 0 0 1 0 0 0 0 0 0 1 0 1 0 1 3 0 3 1 1 0 0 0 7 0 3 1 0 52 975 13 165106 0 0 1 0 0 0 0 0 0 0 0 3 0 2 0 1 6 0 0 2 0 0 0 0 0 0 0 1 0 0 5 6
308 CAA 4 2 1 2 0 13 0 0 0 0 0 1 2 8 0 2 182522 5 10 6 1 3 2 0 31 1 4 7 0 0 0 0 3 1 0 0 0 4 0 0 0 0 0 0 1 0 2 0 2 0 0 0 0 8 3 0 0 8 1 0 0 0 6 0
309 AAC 7 182707 10 28 1 20 16 0 3 125 19 0 0 1 1 0 0 6 0 2 1 0 0 0 28 3 16 1 1 1 5 0 2 17 3 0 3 8 6 0 9 3 29 104 0 2 1 1 0 0 0 0 0 0 1 10 1 1 0 0 0 0 17 0
310 AGC 0 25 0 1 2 10 6 0 1 182896 0 59 0 3 0 0 6 0 0 0 0 0 1 0 0 4 1 0 0 1 2 0 0 0 0 0 0 22 22 3 2 13 6 1 1 0 0 3 0 0 0 0 5 0 8 6 0 155 3 34 0 2 0 1
311 CAA 2 61 5 0 0 1 0 57 13 42 8 0 3 1 0 0 182972 2 21 2 3 0 0 0 75 1 1 2 1 0 0 0 3 0 1 0 0 0 0 1 1 0 0 1 3 0 0 2 2 0 0 0 0 6 10 2 0 0 0 0 0 0 1 0
312 GTA 0 0 0 0 0 0 0 0 0 0 0 0 24 0 0 3 0 1 0 0 0 2 0 0 0 0 0 0 0 0 12 0 2 0 0 0 16 1 0 0 2 0 0 2 183199 4 21 1 0 0 0 0 0 0 0 0 0 0 0 2 3 1 0 0
313 TAC 0 0 0 0 0 1 1 0 0 0 0 0 0 0 1 1 1 7 0 0 0 0 1 0 0 1 0 3 0 0 0 1 0 1 0 0 0 1 0 0 0 1 1 0 1 0 1 1 1 182899 0 79 0 0 1 3 0 19 4 0 0 0 0 0
314 AGC 0 14 0 1 8 1 0 1 3 182932 2 32 3 2 0 0 0 0 0 0 0 0 0 0 0 6 0 1 0 0 0 1 0 2 0 0 0 0 4 1 3 39 0 0 1 0 2 1 0 0 1 0 0 3 7 0 0 21 0 4 0 0 2 0
315 CTA 0 0 1 0 2 0 2 0 1 0 1 0 3 2 0 8 2 0 1 3 36 3 1 3 1 0 0 2 183031 17 21 5 0 0 3 0 0 0 0 0 0 2 0 0 1 1 0 1 0 0 1 0 0 1 0 0 0 1 2 3 48 0 6 0
316 ATC 0 1 0 0 0 14 3 2 0 0 1 1 3 183013 6 25 1 0 0 0 0 0 0 1 1 0 0 0 32 6 0 0 0 0 0 0 3 0 1 0 0 0 2 0 1 6 3 14 1 0 0 0 0 0 4 0 0 2 0 3 2 0 12 1
317 AGA 12 0 3 1 0 0 0 0 183170 1 70 0 1 0 1 0 1 0 0 0 0 2 0 0 7 0 1 2 0 0 1 1 0 0 3 0 0 0 0 0 37 1 0 0 0 0 0 1 0 0 3 0 0 0 0 0 4 0 0 0 0 0 0 0
318 CCG 0 0 0 1 0 0 2 0 0 0 3 1 3 0 1 0 1 0 6 3 75 48 182678 5 1 2 6 2 0 0 12 1 0 0 6 0 0 0 3 0 1 0 1 0 0 0 4 0 0 0 1 2 2 0 6 5 0 0 0 1 1 0 1 1
319 AAC 4 182694 15 55 0 5 0 0 29 5 5 1 0 0 0 0 10 0 4 0 1 3 0 0 65 4 1 12 0 2 2 2 1 17 5 1 0 7 0 0 30 7 14 24 0 1 0 2 1 0 0 1 3 1 5 8 5 5 1 0 18 1 13 0
320 GAG 1 0 9 0 0 0 0 0 0 0 0 0 0 0 0 0 0 0 0 0 1 0 1 0 0 0 0 0 0 0 0 0 35 1 183032 2 1 0 2 0 0 1 14 1 0 0 2 0 0 0 2 0 0 0 0 2 0 0 0 0 0 0 0 1
321 AAT 0 9 8 183144 0 1 0 4 0 0 4 16 0 4 0 4 0 0 0 0 0 0 0 0 0 0 4 0 0 1 0 1 0 1 0 10 0 0 0 0 2 0 0 0 0 0 14 0 0 0 0 0 4 0 2 2 1 0 1 1 0 0 1 0
322 CCA 0 0 3 0 0 0 4 0 0 0 1 0 0 2 0 0 4 0 0 0 183080 46 130 6 0 3 1 0 10 0 2 1 1 1 6 0 4 1 1 0 0 1 1 0 2 2 0 2 1 0 1 0 1 0 0 0 0 0 0 0 0 0 0 2
323 GCA 0 6 0 4 32 1 6 1 1 6 3 188 29 7 0 0 6 0 9 0 0 0 0 0 0 20 12 43 1 9 0 9 1 0 1 0 182796 1 7 2 1 0 3 0 43 1 5 0 1 1 2 4 3 1 2 1 0 1 0 2 4 0 0 0
324 CAC 0 1 0 0 0 0 0 0 0 0 0 0 0 0 0 0 2 183175 1 28 0 4 0 0 0 8 3 4 1 0 0 0 0 1 0 0 0 0 0 0 0 0 0 1 0 0 0 0 0 7 1 0 0 1 0 0 0 0 0 0 0 0 1 0
325 AAG 13 0 183257 8 0 0 4 0 1 0 18 0 0 0 6 0 0 0 0 7 0 0 0 0 0 0 0 0 0 0 0 0 0 0 25 0 0 0 0 1 0 0 0 0 0 0 0 0 0 0 2 0 0 0 0 0 0 0 0 0 0 0 0 0
326 AGT 0 0 0 18 0 0 0 0 0 14 1 183290 0 0 0 1 0 0 0 0 0 0 0 0 0 0 0 0 0 0 0 0 0 0 0 0 0 0 0 0 0 0 1 6 0 0 0 0 0 0 0 0 0 0 0 0 0 0 0 2 0 0 0 0
327 CAG 0 0 3 0 0 0 0 0 0 2 0 0 0 0 0 0 17 0 183198 2 0 0 1 0 0 1 26 0 0 0 3 0 0 0 0 0 0 0 0 0 0 0 0 0 0 0 0 0 0 1 10 0 0 0 0 0 0 1 2 0 0 0 0 0
328 CTG 1 0 0 3 1 5 1 0 2 0 0 0 4 0 2 2 0 1 4 0 0 1 4 0 0 0 0 0 29 0 183157 5 0 2 1 0 0 1 1 0 3 0 1 0 13 5 1 0 1 0 0 0 3 0 0 1 0 2 0 0 3 0 80 2
329 GTG 1 0 1 0 1 0 0 0 0 2 1 0 0 0 10 4 0 0 9 0 0 1 0 0 0 0 3 0 0 0 0 0 0 0 3 0 0 3 9 0 0 0 1 1 36 6 183199 67 0 1 0 4 0 0 3 0 1 1 0 0 1 0 0 0
330 TGG 0 2 0 1 2 0 1 0 0 0 0 0 0 0 0 0 0 1 0 2 0 1 0 0 0 0 7 0 1 0 0 1 0 0 0 0 0 0 0 0 0 1 4 0 0 0 0 0 0 0 16 0 0 1 0 0 16 1 183297 1 0 0 6 1
331 ATG 0 0 0 1 0 0 11 0 3 0 4 1 9 1 183147 6 2 0 0 1 0 0 0 0 0 0 0 0 5 0 2 0 0 0 0 0 0 0 0 0 1 0 0 0 0 0 25 2 0 0 5 1 0 0 0 0 0 0 1 0 1 1 0 3
332 GCA 1 0 2 1 46 2 0 0 0 0 2 0 0 0 0 0 0 0 0 0 1 9 1 0 0 1 0 0 0 0 0 0 2 0 0 0 182519 5 5 13 3 1 1 0 21 0 1 0 0 1 0 0 1 0 0 0 1 0 2 0 0 2 0 2
333 TGC 0 0 0 0 0 0 1 0 0 0 0 0 1 0 3 0 0 1 1 0 0 3 0 1 1 35 0 0 0 0 0 0 0 0 0 0 0 1 1 4 1 2 2 0 0 0 1 8 0 46 2 0 0 0 0 2 2 182977 2 105 1 1 0 0
334 AAT 0 3 1 183267 0 0 0 1 0 0 0 3 0 0 4 1 0 0 6 1 0 1 0 0 0 1 0 0 0 0 0 0 0 0 0 8 0 0 0 0 10 0 14 0 0 0 0 1 0 4 5 8 1 1 1 1 4 0 0 0 0 1 0 1
335 TCT 0 0 1 1 1 1 1 2 0 4 0 1 0 0 0 0 0 1 0 0 0 0 0 9 0 1 2 0 0 0 1 0 0 1 2 0 0 0 1 0 3 0 16 3 0 0 1 0 0 0 1 3 10 21 6 203940 1 13 2 2 0 0 14 10
336 GCT 0 0 0 2 0 0 2 73 0 5 0 0 0 0 1 0 2 0 0 0 1 2 0 0 0 0 0 0 12 26 36 1 1 0 0 6 0 34 22 203484 7 4 7 10 1 0 0 22 0 0 0 0 1 0 1 8 0 0 0 0 105 0 53 0
337 GCA 0 0 0 1 34 0 2 0 0 1 1 5 0 0 0 0 0 2 0 0 15 0 0 1 0 0 0 0 0 0 0 0 0 1 0 0 203626 1 16 10 0 0 3 0 16 0 0 1 0 0 0 0 5 0 0 2 1 0 0 1 0 0 2 0
338 TTT 0 1 0 0 0 0 0 0 4 0 0 0 0 1 0 0 0 0 0 0 0 0 0 1 0 0 0 1 0 0 0 5 0 0 0 0 0 0 0 0 7 0 3 0 0 0 1 12 0 0 0 2 0 0 1 10 0 0 7 0 3 41 0 203748
339 GAA 3 0 0 0 0 0 0 0 0 0 0 0 0 0 0 0 0 0 0 0 0 0 0 0 0 0 0 0 0 0 0 0 203717 6 81 117 1 2 0 2 31 0 3 0 1 0 0 0 3 0 0 0 0 0 0 0 0 0 0 0 0 0 0 0
340 GAT 0 1 0 17 1 0 2 0 0 0 0 0 0 0 0 0 0 0 0 1 0 0 0 0 0 0 0 0 0 1 0 0 0 19 1 204028 0 4 0 0 0 2 4 9 0 1 0 0 1 0 1 3 1 0 0 0 0 0 0 0 0 0 0 0
341 CTA 0 0 0 0 0 0 0 2 0 0 0 0 5 24 0 0 1 0 0 0 21 2 0 0 6 0 1 1 204010 4 16 0 0 8 0 0 1 0 1 0 0 0 0 0 5 0 0 0 0 0 0 0 0 0 0 0 0 0 0 0 2 0 0 0
342 AGA 15 0 5 0 0 0 0 0 203633 2 37 1 3 0 0 0 0 0 0 0 0 0 1 1 2 15 0 0 0 0 0 0 0 0 0 1 0 0 0 3 6 6 5 8 0 1 0 5 0 0 0 0 0 0 0 0 2 0 1 0 0 0 0 0
343 GTA 0 5 1 0 0 0 0 0 0 0 0 0 172 0 0 8 0 0 0 0 1 0 1 1 0 0 0 0 0 0 0 0 1 0 0 0 11 0 0 0 0 1 2 0 203861 4 24 4 0 0 0 0 0 0 0 0 1 0 0 0 0 0 0 0
344 TTA 0 0 0 0 1 2 0 0 0 0 0 0 2 1 0 0 0 0 0 0 0 0 0 0 0 0 0 0 6 15 0 4 1 0 0 0 0 0 0 0 0 0 0 0 0 1 0 0 3 0 0 0 10 0 0 1 0 0 0 0 203931 0 56 5
345 AGC 0 17 0 0 3 34 0 5 1 203420 0 30 1 1 0 0 0 0 0 0 0 0 0 0 0 2 0 0 0 0 0 0 0 0 1 1 0 0 0 1 3 11 1 0 1 0 0 0 0 0 0 0 25 7 9 0 0 5 1 1 0 0 1 0
346 TTC 0 0 0 0 1 0 0 2 1 2 0 0 0 3 3 3 0 1 0 0 0 1 1 0 0 0 0 2 0 9 0 0 0 0 0 0 0 12 7 0 1 0 4 0 5 8 10 0 1 1 0 0 0 12 0 0 0 3 2 0 1 203170 0 180
347 ATC 0 2 0 0 0 7 0 0 0 0 0 0 6 203274 22 12 0 2 0 0 0 0 0 0 0 0 0 0 1 45 2 0 0 1 0 0 0 0 0 3 0 0 0 0 0 11 4 0 0 0 0 0 0 0 0 0 0 0 63 0 0 1 1 0
348 AGA 13 0 0 1 0 0 0 1 203851 2 59 1 1 0 0 0 0 0 0 1 0 0 0 1 7 0 1 2 0 1 0 0 0 0 0 0 0 0 0 0 31 0 0 0 1 9 1 0 2 0 1 0 0 0 0 0 2 0 0 0 0 0 0 0
349 GGG 0 0 0 1 0 0 0 0 0 0 13 0 0 0 0 0 0 0 0 0 0 0 0 1 0 0 0 0 0 0 1 0 0 0 17 0 0 0 0 0 20 0 203750 1 0 0 2 0 0 0 0 0 0 0 0 0 0 0 12 0 0 0 0 0
350 ACC 0 2 0 0 4 203226 34 7 18 2 0 10 0 13 14 3 0 3 1 0 0 2 0 0 0 7 4 17 0 1 0 1 0 0 0 0 0 66 8 0 0 2 4 0 0 0 5 1 0 0 0 0 7 0 1 0 2 0 2 1 0 12 0 4
351 AAA 203696 10 48 0 2 0 0 0 18 0 0 0 0 1 0 1 1 1 0 0 0 0 0 0 2 0 0 0 0 3 0 0 14 0 0 0 0 0 0 0 0 2 0 1 0 0 0 0 1 1 4 4 1 0 0 0 0 1 2 1 2 1 0 0
352 GTA 0 0 0 0 0 0 0 0 0 0 0 0 21 0 0 13 0 0 0 0 0 0 0 0 0 5 0 0 2 0 0 0 0 0 0 0 18 0 0 1 0 0 0 0 204030 3 25 1 0 0 0 0 1 0 0 0 0 0 0 0 5 0 4 0
353 TCC 0 3 0 67 0 1 0 0 0 0 39 0 0 0 1 0 0 11 0 24 0 120 2 0 34 0 0 0 0 8 0 211 0 0 1 0 1 1 0 0 0 0 0 0 0 0 0 0 0 5 0 0 1 203412 1 6 0 0 0 0 5 31 0 19
354 CCA 0 0 0 0 3 0 0 1 3 0 0 0 0 0 1 0 1 0 0 0 203900 3 15 0 3 0 0 0 4 0 0 0 0 0 1 0 6 0 0 0 0 7 1 0 0 0 1 2 1 0 3 0 10 1 0 0 4 3 0 1 0 0 0 0
355 AGG 0 0 17 0 0 0 0 0 31 0 203878 3 0 0 29 0 0 0 0 0 0 0 0 0 0 0 5 0 0 0 0 0 0 1 0 0 0 0 0 0 0 0 8 0 0 0 0 0 0 0 0 0 0 0 0 0 0 0 0 0 0 0 0 0
356 GGG 0 0 0 1 0 0 1 0 0 0 5 0 0 0 0 0 0 0 0 0 0 0 1 0 0 0 0 0 0 0 0 0 0 0 10 1 0 0 0 0 17 0 201426 0 0 0 0 0 0 0 1 0 1 0 0 0 0 1 1 0 0 0 0 0
357 AAA 203066 8 10 0 0 0 0 0 24 4 4 0 0 0 0 0 2 1 0 0 0 0 0 0 0 0 0 0 0 0 0 0 28 0 0 0 0 0 0 0 1 0 0 0 0 0 0 0 1 0 1 0 0 0 0 0 0 0 0 0 1 0 1 0
358 CTT 0 0 0 0 0 0 0 2 0 0 0 0 0 0 0 1 0 0 0 1 0 0 0 4 1 0 0 1 1 16 2 203893 0 0 0 0 0 0 0 1 0 0 0 0 0 0 1 0 0 0 0 0 0 0 0 0 0 0 0 0 0 0 0 14
359 TCC 33 2 0 0 0 3 0 1 0 12 1 0 9 6 0 0 0 0 1 0 0 30 0 0 0 32 60 1 3 1 0 5 0 0 2 0 5 3 1 0 0 0 4 0 1 0 3 3 0 0 1 0 1 203743 38 5 0 5 0 0 3 1 29 1
360 ACT 0 0 0 3 1 32 1 203999 0 0 0 0 0 0 0 2 0 0 0 0 0 0 1 1 0 0 0 0 1 0 0 0 0 0 0 0 0 0 0 9 0 0 0 0 8 0 0 0 0 0 0 0 14 0 1 4 0 0 2 0 0 0 0 0
361 AGA 13 0 0 0 0 0 0 0 204016 0 24 1 2 0 0 0 0 0 0 1 0 0 0 0 0 18 6 4 0 0 1 0 0 0 0 0 0 0 0 0 16 0 0 0 0 1 0 0 0 0 0 0 1 0 0 0 5 0 0 0 1 1 0 0
362 GGA 0 0 0 0 0 0 0 0 8 0 0 0 0 0 0 0 0 0 0 0 0 1 4 0 1 0 0 0 0 0 0 1 12 0 0 0 1 0 3 0 203928 14 61 5 1 0 0 0 0 0 0 0 0 0 0 0 11 0 0 0 0 0 0 0
363 GTA 0 0 0 0 0 0 0 0 0 0 0 1 22 1 0 0 0 0 0 0 1 0 0 0 0 0 0 1 0 1 0 2 0 0 0 0 24 0 0 0 0 0 0 2 203861 4 47 2 0 0 0 0 0 0 0 0 0 0 0 26 47 0 0 0
364 CAA 2 0 2 0 0 0 0 0 0 0 1 1 0 1 5 2 203949 1 64 2 4 0 3 0 11 0 0 0 5 2 0 0 1 0 0 0 0 1 0 0 1 0 1 1 0 0 1 4 6 1 1 0 0 1 0 4 0 0 1 0 0 0 8 0
365 ATT 0 0 0 0 0 0 0 7 0 0 1 0 6 15 0 204077 0 0 0 0 0 2 0 0 0 0 0 0 0 0 2 7 0 0 0 0 0 0 0 0 0 0 1 2 0 1 0 4 0 0 0 0 0 1 0 0 0 0 1 0 0 0 1 1
366 GCT 0 0 0 0 0 0 0 25 1 0 0 4 3 0 0 0 0 0 0 0 0 0 0 0 0 0 0 0 0 0 0 0 0 0 0 3 4 13 25 203932 0 0 2 1 0 0 1 10 0 0 0 1 0 1 2 3 0 1 0 0 0 0 0 0
367 TCA 0 5 0 0 0 18 16 1 1 16 0 1 0 0 0 0 0 0 0 0 15 0 0 0 0 1 0 0 0 0 0 0 0 0 0 1 10 45 29 0 3 2 61 0 1 0 1 0 4 4 1 0 203766 6 7 4 0 0 0 5 6 1 1 1
368 AAT 0 15 1 203913 1 2 7 1 1 1 0 10 0 0 6 1 15 9 0 3 0 0 0 0 2 0 0 0 0 0 0 0 2 0 13 12 0 13 2 13 17 12 13 1 2 1 5 0 0 0 0 1 5 2 4 3 0 1 1 0 0 0 9 0
369 GAA 7 0 0 0 0 0 2 0 0 0 0 0 0 1 0 1 0 0 0 0 0 0 0 1 0 0 1 2 0 0 0 0 204068 0 16 0 2 0 0 0 8 0 0 0 0 0 1 0 0 0 2 0 2 0 0 0 0 0 0 0 0 0 0 1
370 AAC 4 203864 0 8 0 13 0 0 0 10 0 1 5 3 0 0 0 2 2 0 0 0 1 0 3 0 3 0 0 0 1 2 0 15 10 0 0 0 0 0 2 0 0 2 0 3 7 30 2 1 0 1 0 0 0 0 0 0 3 4 19 1 4 2
371 ATG 0 0 0 0 0 0 11 2 0 0 3 0 34 1 203826 20 1 1 0 0 0 1 1 0 0 1 3 0 0 9 22 0 0 0 0 2 0 0 0 0 1 0 0 4 4 1 35 0 0 1 2 2 0 1 0 0 1 0 1 0 0 0 7 0
372 GAT 0 4 0 24 0 1 2 0 0 0 0 0 0 0 1 0 0 0 0 0 0 0 0 0 0 0 0 1 0 0 0 0 0 7 2 203528 0 0 4 0 0 0 0 15 2 0 0 2 0 0 0 1 0 0 0 0 0 2 0 0 0 0 0 0
373 GCT 0 0 0 0 0 0 1 25 7 0 0 0 0 1 0 0 2 6 0 0 0 0 2 4 1 0 7 1 0 0 1 0 1 0 1 0 2 48 30 203819 18 0 2 1 2 1 0 11 0 0 1 4 0 0 0 1 0 0 0 6 0 10 0 0
374 ATG 0 1 1 0 2 0 18 0 0 0 1 0 29 1 203913 2 0 0 0 0 3 0 0 0 1 0 0 0 0 1 2 0 0 0 1 2 0 0 0 0 0 0 1 0 0 0 16 0 0 2 0 0 0 0 0 0 0 2 0 3 2 11 2 1
375 GAA 13 8 0 2 1 0 3 0 0 0 0 0 0 1 16 3 3 0 6 0 1 0 0 0 2 1 0 0 1 0 0 0 202425 59 33 1 1 0 5 14 8 0 1 0 1 1 78 0 0 0 0 0 2 0 5 1 0 0 1 0 3 0 0 3
376 TCA 0 0 0 0 0 0 0 0 0 0 2 0 0 0 1 0 0 1 0 0 3 0 0 1 2 0 0 0 0 0 0 2 0 0 0 0 0 0 1 0 2 3 3 1 0 4 14 0 4 0 0 0 181535 1 29 1 0 1 2 2 4 0 1 1
377 AGT 0 12 0 28 1 0 0 1 0 17 24 201597 7 3 21 4 0 3 0 3 0 1 0 0 0 5 34 1 22 1 9 0 0 1 0 1 0 0 10 2 1 4 6 9 0 0 8 0 0 0 0 0 2 0 36 2 1 0 0 10 0 1 5 2
378 ACT 15 0 1 1 39 5 2 183307 0 6 0 10 0 0 2 6 0 1 0 1 0 2 0 4 2 28 1 11 0 0 0 0 0 0 0 0 0 0 0 15 1 1 0 2 4 0 0 0 0 1 0 0 7 0 3 9 0 0 0 0 0 0 1 1
379 CTT 0 0 0 0 0 0 0 0 0 0 0 1 0 1 0 5 0 0 0 1 0 0 0 26 3 0 0 3 1 82 0 185900 0 1 0 0 0 2 0 1 0 0 2 0 0 0 8 4 1 0 0 0 0 0 1 1 7 0 0 0 0 0 0 2
380 GAA 4 0 0 0 0 0 0 1 1 1 0 0 0 0 0 0 0 0 0 0 1 0 0 0 1 1 1 0 0 0 0 0 201668 2 24 1 1 0 18 0 15 0 2 2 4 0 0 0 2 0 2 0 0 1 0 0 0 0 0 6 0 0 0 1
381 CTG 0 0 0 0 0 0 0 0 0 1 0 0 0 0 3 0 1 0 1 0 1 0 11 0 0 3 0 1 27 3 200278 13 0 0 0 0 1 0 0 0 1 0 1 0 0 5 0 0 0 2 0 0 0 0 0 0 0 0 0 0 13 0 10 0
382 AGA 19 0 0 0 0 1 0 0 199995 1 1307 2 7 0 1 4 1 0 0 0 0 0 2 0 5 17 2 2 2 0 1 1 3 0 0 0 0 0 0 0 23 1 3 1 0 0 0 0 0 0 0 0 1 0 1 0 6 0 0 1 0 0 0 1
383 AGC 0 17 1 0 0 0 0 0 2 197560 3 81 0 2 0 0 4 0 0 0 2 0 0 0 0 3 0 0 0 1 0 0 0 4 0 0 11 0 25 26 3 14 1 0 0 1 0 3 1 0 0 0 0 0 1 0 0 0 0 0 0 0 0 0
384 AGG 6 0 9 1 0 0 0 4 39 5 197840 0 0 0 2 0 2 0 0 2 0 0 3 0 15 2 104 1 0 1 1 1 0 0 2 0 0 0 2 1 1 0 77 0 3 0 6 6 0 0 1 0 1 0 0 9 0 3 5 0 0 0 1 0
385 TAC 1 1 0 0 1 2 0 0 0 0 1 1 0 0 0 0 0 20 1 0 1 1 0 0 0 3 0 0 0 0 0 1 0 0 0 0 3 0 1 0 0 0 1 0 0 0 0 0 2 191285 0 42 0 1 0 0 0 14 3 0 0 1 0 1
386 TGG 0 2 1 0 0 0 0 0 0 1 4 0 1 0 0 0 0 1 0 1 0 2 0 0 0 0 12 0 0 0 0 0 0 0 0 0 1 0 0 0 0 1 2 1 0 1 0 1 0 0 10 1 0 0 0 0 10 0 178280 1 1 0 9 1
387 GCC 0 0 0 0 1 41 0 0 1 0 0 2 0 0 0 0 0 0 0 0 0 1 0 0 0 0 0 0 0 0 0 0 0 1 0 0 6 173288 3 27 3 1 2 0 0 15 0 0 0 0 0 2 0 1 0 0 0 0 0 0 0 0 0 0
388 ATA 0 0 12 0 27 0 0 0 2 0 0 0 190536 1 69 9 2 0 0 0 0 0 0 3 0 0 0 1 3 0 0 0 0 0 0 0 1 0 0 0 0 0 3 0 7 1 1 3 0 0 1 0 0 0 0 2 0 0 1 2 0 0 0 2
389 AGA 11 0 0 0 0 0 0 0 174769 0 18 1 0 1 0 0 0 0 0 0 0 0 0 0 3 0 0 0 0 0 0 1 0 0 0 0 0 0 0 0 13 0 0 0 1 0 0 2 0 0 0 0 2 0 0 0 2 0 0 0 0 5 0 0
390 ACC 0 2 0 0 6 167514 7 19 1 0 0 1 0 1 0 0 0 0 0 1 0 0 0 0 0 0 0 1 0 0 0 0 0 0 0 0 0 3 3 0 0 0 0 0 0 0 0 0 0 0 0 0 2 0 0 3 0 0 0 0 0 0 0 0
391 AGA 26 0 1 0 0 3 0 0 173438 0 17 2 2 1 0 1 0 0 0 0 1 0 1 0 5 7 32 0 0 0 0 0 1 0 0 0 1 0 1 0 12 0 1 0 2 0 0 0 0 1 0 1 0 0 0 0 2 0 0 0 0 0 3 0
392 AGT 0 0 0 14 0 0 0 1 3 13 2 195163 0 0 0 1 0 1 0 2 0 0 0 0 1 0 0 0 1 0 1 3 0 2 3 0 1 2 0 1 0 0 0 8 0 0 0 2 0 0 0 0 1 4 6 18 0 4 0 1 0 4 0 0
393 GGA 0 0 0 0 0 0 9 0 10 0 0 0 0 0 0 0 3 0 0 0 0 0 2 0 0 0 0 0 0 0 0 0 5 0 0 0 0 1 3 0 203713 5 96 5 0 0 0 0 0 0 1 0 0 0 0 0 1 2 1 0 0 0 0 0
394 GGA 0 0 2 0 0 0 0 0 15 0 0 0 0 0 0 0 2 0 0 0 0 0 0 0 0 0 0 0 0 0 0 0 17 0 0 0 0 0 0 0 203421 1 67 1 1 3 0 0 1 0 0 0 1 0 0 0 5 0 0 0 0 0 0 0
395 AAC 2 203368 34 16 0 4 1 2 1 16 5 2 0 5 0 0 7 24 1 1 0 0 0 1 18 2 8 91 1 1 0 0 0 6 1 0 0 3 0 0 2 0 1 3 1 2 0 3 6 0 0 8 0 2 2 3 3 1 0 28 1 0 0 0
396 ACT 1 28 20 10 0 42 21 202894 7 30 23 0 0 0 2 26 7 77 12 7 3 1 0 6 87 6 20 86 3 14 23 0 0 0 0 2 147 4 8 8 0 4 3 16 7 1 10 3 0 1 1 3 1 1 0 15 0 28 29 8 0 1 7 19
397 AAT 13 22 16 203230 0 10 0 1 148 0 61 18 0 0 2 119 1 0 39 2 1 0 7 12 0 39 65 0 6 0 4 1 0 0 3 10 1 0 8 11 0 2 1 3 0 2 0 0 0 2 1 3 1 1 5 0 5 0 6 38 1 5 9 4
398 CAA 28 1 21 9 0 6 0 0 19 10 125 0 0 5 0 6 202810 39 15 2 2 0 1 4 204 113 9 2 0 0 0 5 0 0 3 3 1 2 2 0 0 2 1 1 12 3 0 0 11 2 0 7 3 0 1 0 2 0 20 6 2 3 10 5
399 CAG 42 0 630 0 2 14 0 2 0 33 38 2 1 0 0 17 19 4 201716 4 11 54 23 1 20 2 996 20 2 0 2 1 0 0 0 1 0 0 1 11 2 12 138 44 3 7 2 0 0 14 9 4 1 1 3 4 0 0 2 26 0 0 0 24
400 AGG 11 0 27 0 0 0 3 0 16 0 203028 6 0 0 23 1 2 1 3 0 1 2 0 0 1 16 7 1 0 0 2 0 0 0 0 0 1 0 1 0 0 0 64 3 0 1 0 0 0 0 1 0 0 0 0 0 0 0 24 0 2 0 0 0
401 GCC 0 0 51 0 0 45 3 0 0 0 161 13 0 0 0 6 3 59 19 19 0 29 5 3 233 25 46 42 0 1 1 0 1 2 0 0 16 202976 24 14 6 1 20 1 0 36 0 1 0 0 0 0 27 4 0 0 0 1 0 3 9 0 2 0
402 TCT 0 0 83 0 0 0 0 1 2 0 6 6 1 0 16 0 0 3 0 9 44 5 7 36 9 1 33 78 3 1 0 0 0 5 1 1 0 0 0 6 0 2 6 2 0 0 4 1 0 0 0 14 9 55 13 203543 0 4 0 0 0 1 0 6
403 GCA 32 0 1 0 117 0 10 10 0 0 15 2 1 0 5 0 1 0 2 15 1 0 6 0 12 3 3 8 8 1 2 0 2 0 0 0 203354 12 102 10 5 10 16 0 82 0 0 1 0 0 0 2 3 2 6 0 0 3 0 0 0 0 2 0
404 GGT 0 0 0 0 0 11 0 2 1 0 0 36 2 0 0 8 0 0 0 0 1 6 2 0 0 0 0 0 0 0 0 0 0 0 9 17 0 11 17 9 30 147 234 203293 1 4 4 8 0 0 4 0 17 0 2 6 0 1 0 4 4 1 0 1
405 CAA 2 1 0 0 0 0 0 0 0 0 0 0 3 2 2 0 203811 2 19 1 1 0 0 0 21 0 0 0 0 1 0 2 0 0 0 0 1 3 0 0 0 0 0 0 0 0 1 0 8 0 0 0 0 0 2 0 0 0 0 0 0 0 0 1
406 ATC 0 1 1 0 0 32 21 0 0 0 0 0 4 203867 0 12 0 0 0 0 0 19 0 1 0 0 0 0 1 0 0 0 0 0 1 0 0 1 0 0 0 0 0 0 1 7 0 0 0 0 0 0 1 2 13 0 0 0 0 0 1 1 15 0
407 AGT 0 0 0 11 0 0 0 1 2 15 1 203751 0 0 0 1 0 0 0 0 0 0 0 0 0 0 0 0 0 1 0 0 0 0 0 0 0 2 0 0 0 35 0 56 0 0 0 0 0 1 0 0 0 0 3 0 0 3 0 4 0 0 0 0
408 GTG 0 0 0 0 29 0 0 0 0 0 0 0 0 0 24 1 0 0 0 0 0 0 0 0 0 0 0 1 0 2 0 0 0 0 1 0 0 8 8 0 0 0 2 0 102 1 203683 2 0 0 1 0 0 0 0 0 0 0 0 0 0 0 2 0
409 CAA 1 0 1 0 0 0 6 231 0 2376 1 46 6 0 3 46 200725 12 9 8 1 0 1 0 16 0 0 0 0 0 1 2 3 0 0 0 0 0 15 54 20 0 8 0 9 3 13 4 79 5 0 2 0 0 25 5 0 1 44 69 7 0 0 1
410 CCT 0 0 0 1 0 0 0 0 0 0 0 0 0 0 0 0 0 1 0 17 15 113 96 203629 1 0 0 0 0 0 0 6 0 0 0 0 3 0 10 0 2 0 12 4 0 1 1 0 0 0 0 0 2 2 0 25 0 0 0 6 0 0 0 0
411 GCA 0 0 1 0 124 45 0 3 0 4 0 0 0 0 0 0 0 0 0 0 0 0 0 0 0 0 1 0 0 0 0 0 3 0 0 0 203629 12 7 6 0 0 1 0 23 0 2 0 0 0 0 0 15 7 0 0 1 7 0 109 0 0 0 0
412 TTT 0 0 1 0 0 0 2 0 0 0 0 0 0 0 1 6 0 0 0 0 0 0 0 0 0 0 3 0 5 0 3 17 0 0 0 0 0 0 0 0 2 0 0 0 0 2 4 0 0 0 0 2 0 0 0 4 0 0 0 6 0 11 7 203141
413 TCT 0 8 2 0 0 2 0 1 2 5 0 1 1 0 0 0 0 0 0 0 4 0 2 15 0 0 2 3 0 0 0 0 0 2 0 0 0 0 3 0 4 5 3 1 0 0 2 1 1 1 0 3 90 49 16 203726 0 0 0 3 2 0 0 8
414 GTG 0 0 1 0 2 0 21 10 0 3 0 1 0 0 50 0 0 0 0 0 0 0 0 0 0 0 0 0 0 11 25 0 1 0 1 0 3 1 46 8 1 5 8 1 75 5 203382 5 0 0 1 0 0 0 0 0 0 3 2 49 0 6 2 14
415 CAA 2 0 0 0 17 2 6 258 12 8 10 8 0 0 1 2 202985 3 41 0 0 10 3 8 98 27 117 35 3 5 8 11 0 0 0 0 1 17 22 64 1 1 78 4 2 11 5 13 16 1 0 2 4 0 28 0 0 0 7 22 0 34 1 1
416 AGA 13 0 1 0 0 0 0 0 203905 1 28 0 2 1 0 0 0 0 0 3 0 0 0 0 7 0 12 3 2 0 1 0 0 1 2 0 0 1 0 0 26 0 0 1 0 0 0 0 0 0 0 0 0 0 0 0 0 0 0 0 0 2 0 0
417 AAC 91 202082 2 19 0 24 1 0 0 20 28 13 20 0 6 0 0 7 0 0 0 105 4 4 6 1 63 0 1 23 4 11 0 15 1 1 0 4 2 1 0 13 0 49 0 1 3 20 0 4 0 0 0 0 28 3 0 1 0 0 1 11 4 0
418 CTC 0 0 0 0 3 1 0 0 0 0 1 0 0 2 1 19 0 2 0 0 0 22 0 0 0 0 0 1 18 166858 9 5 0 0 0 0 0 0 0 4 0 0 0 0 0 1 18 1 0 0 0 0 0 0 0 0 0 7 0 0 9 6 1 0
419 CCA 3 0 9 0 1 0 0 0 0 0 6 0 4 1 2 0 8 0 0 1 166950 0 10 0 3 0 2 0 2 1 9 0 1 0 2 1 3 0 7 10 0 0 2 0 7 0 50 20 0 0 2 1 2 1 0 0 0 2 0 2 0 1 0 0
420 TTT 0 1 0 29 8 0 3 0 0 0 0 3 0 0 2 1 0 0 2 3 0 1 0 0 1 0 2 1 0 0 14 10 0 2 1 0 1 10 25 0 13 1 8 3 1 69 78 3 0 0 0 41 0 32 10 11 1 0 2 4 5 84 61 166711
421 GAC 6 20 0 3 1 0 1 3 7 2 2 19 61 15 22 4 0 0 0 0 0 0 0 0 1 0 0 0 0 18 5 0 1 165681 1 320 0 1 17 1 0 35 9 0 37 37 29 22 0 22 0 0 0 6 12 644 0 0 4 29 0 11 7 0
422 AAA 166856 31 18 0 7 1 1 1 18 27 1 5 18 0 0 10 3 0 9 0 0 0 0 0 2 0 173 9 0 6 0 1 11 0 9 2 13 12 16 1 2 0 12 4 8 2 1 4 0 10 0 0 0 0 3 3 0 0 0 0 0 7 0 6
423 CCA 0 12 6 0 2 7 0 8 2 50 62 0 0 0 0 0 2 2 58 13 165597 2 41 26 89 36 616 16 3 1 0 15 2 0 3 0 13 32 0 0 12 24 150 35 1 1 15 4 0 0 0 0 52 2 3 1 0 0 2 4 0 2 1 1
424 ACC 0 2 0 7 9 166452 23 6 0 1 2 20 0 40 10 7 0 25 4 0 1 10 0 0 1 2 10 7 3 17 10 2 0 9 1 6 1 31 116 13 0 7 1 4 9 29 7 126 0 9 0 2 0 7 3 27 0 0 18 3 5 1 1 5
425 ATC 0 0 0 0 0 22 0 4 0 1 1 0 4 166998 4 16 0 0 0 0 0 0 0 0 0 0 0 0 5 5 2 0 0 0 1 1 3 0 2 9 6 3 0 0 1 31 21 80 0 0 1 0 0 2 0 0 0 27 0 19 0 0 1 0
426 ATG 3 0 5 1 0 1 39 0 8 0 8 2 19 2 166613 5 2 0 0 0 0 0 0 0 0 2 5 0 14 2 6 12 0 0 5 0 3 0 0 1 0 1 3 1 5 1 33 5 1 0 0 0 4 1 1 1 0 7 0 20 4 0 1 4
427 GCA 0 1 3 6 64 1 1 88 35 18 7 2 0 0 571 16 0 30 13 4 34 0 4 0 8 5 22 5 30 23 0 0 11 3 0 0 165504 30 43 2 3 0 116 19 43 0 2 0 0 5 0 0 2 0 61 183 0 5 2 0 4 0 0 1
428 GCA 0 0 0 0 151 3 4 0 0 0 3 1 0 0 5 0 1 25 3 0 4 0 6 9 6 1 5 12 0 0 0 0 4 0 1 0 166338 10 12 7 0 3 4 4 26 1 14 0 0 0 0 2 1 0 0 3 0 6 0 112 0 0 0 2
429 TTC 0 1 1 1 1 2 1 0 0 2 1 2 0 0 3 2 0 1 4 1 0 0 1 1 1 0 2 1 0 8 0 2 0 4 1 2 0 0 1 1 0 3 19 2 1 0 8 2 2 21 0 10 0 11 0 1 0 0 32 2 5 167010 10 23
430 ACT 6 0 8 40 25 39 5 166324 0 0 17 16 2 0 1 12 0 0 0 20 5 8 1 13 2 6 1 3 2 1 2 0 0 0 4 0 4 7 2 12 41 43 22 156 0 0 2 3 0 0 0 0 2 81 20 15 0 0 6 0 0 1 1 2
431 GGG 0 0 6 0 2 0 1 0 6 0 9 0 0 0 0 0 4 2 0 0 0 1 1 1 0 0 0 1 0 6 0 0 0 2 10 0 0 0 0 2 60 34 165468 46 0 2 8 3 0 1009 0 27 1 4 4 0 0 0 2 23 6 11 31 28
432 AAT 17 26 7 166406 3 9 4 1 23 10 18 23 1 2 0 4 1 7 103 9 30 4 0 2 16 6 1 0 10 4 4 0 2 1 0 11 15 1 10 3 4 5 5 65 0 6 11 5 0 0 1 32 0 1 18 62 0 35 3 13 6 16 1 1
433 ACA 2 1 0 3 166499 7 74 8 2 1 1 1 105 0 13 2 0 2 2 2 2 1 2 2 0 1 15 1 17 3 13 91 0 3 0 0 23 4 0 0 39 3 0 13 1 11 6 16 0 18 0 0 1 24 2 3 0 5 0 22 49 1 1 32
434 GAG 0 0 16 0 0 0 13 3 1 0 5 2 0 0 3 0 44 0 0 1 0 1 4 0 0 1 3 0 1 0 0 0 32 1 166901 6 20 1 32 1 2 0 44 1 17 38 7 9 0 0 3 0 0 0 7 2 0 1 1 4 0 1 3 0
435 GGA 0 0 0 0 0 0 0 0 10 0 1 0 0 1 0 0 0 0 0 0 0 0 0 0 1 0 1 0 0 0 5 0 16 0 1 2 0 0 1 0 166829 10 327 5 3 0 0 1 0 0 0 0 0 0 0 0 0 1 0 0 0 0 0 1
436 AGA 12 0 0 0 0 0 1 0 167185 0 48 1 2 1 1 0 0 0 0 0 0 0 0 0 18 15 8 0 0 1 0 0 0 0 0 0 0 0 1 0 6 0 5 0 2 0 0 0 0 0 0 0 0 0 0 1 4 2 0 0 0 0 0 1
437 ACA 0 12 0 0 167035 8 21 6 2 2 0 5 5 0 0 3 0 0 0 0 2 0 0 0 0 0 0 2 0 0 0 0 0 0 1 0 9 1 8 0 1 0 1 0 0 1 3 0 0 0 0 1 3 12 1 11 0 8 3 3 0 0 0 0
438 TCA 0 4 0 41 3 0 0 0 1 2 0 2 0 0 2 0 0 0 0 0 18 0 1 0 1 0 0 0 0 0 2 0 0 0 1 0 1 1 1 1 2 25 144 6 0 0 2 0 1 0 0 1 166758 4 120 5 0 0 14 0 5 1 0 0
439 GAC 0 5 0 0 0 0 0 0 0 0 0 0 0 0 0 0 0 0 1 0 0 0 0 0 1 0 0 0 0 0 0 0 2 167096 0 9 0 4 2 0 2 8 1 0 1 2 0 2 0 3 0 0 0 0 0 0 0 0 0 0 0 0 0 0
440 ATG 1 0 1 1 0 1 13 1 0 5 5 6 6 0 167142 3 0 0 0 3 0 0 0 0 0 0 6 1 0 0 2 0 3 2 0 0 1 3 3 2 0 1 3 0 0 2 5 0 0 0 0 5 0 4 5 3 1 0 11 0 0 2 5 0
441 AGG 0 0 8 0 0 0 0 0 25 0 167071 7 0 0 14 0 0 0 0 0 0 0 0 1 0 16 3 0 0 0 1 0 0 0 1 0 0 1 0 0 0 1 37 0 0 0 0 0 0 0 1 3 1 1 0 0 0 0 1 0 0 0 2 1
442 GCA 1 0 1 6 74 0 26 4 2 3 0 1 18 17 15 77 0 1 0 1 0 0 1 0 0 0 1 1 6 9 0 3 14 0 0 0 166045 4 126 24 3 5 4 0 27 141 471 0 0 15 0 3 24 0 4 0 0 13 2 0 0 0 1 1
443 GAA 9 0 0 0 1 0 4 0 0 1 0 0 0 1 1 0 1 0 0 1 0 0 0 0 0 0 0 0 0 0 0 0 167208 3 13 6 1 0 1 0 7 0 1 0 1 1 1 0 2 1 0 0 0 1 1 0 1 0 3 0 0 0 0 0
444 ATT 0 0 0 2 0 1 0 4 0 0 0 1 31 22 1 167221 0 0 0 3 0 0 0 0 0 0 0 0 0 0 0 0 3 0 3 0 0 0 0 0 0 10 3 1 1 2 2 10 0 0 1 0 0 0 0 0 0 2 0 5 0 2 1 0
445 ATA 0 2 1 0 9 0 2 0 4 1 4 1 167133 1 41 3 0 3 0 0 1 0 0 0 11 0 0 1 0 3 0 2 0 0 0 0 0 3 1 1 0 0 0 1 21 2 2 8 0 1 0 0 0 0 2 2 1 1 2 6 4 0 2 0
446 AGG 0 5 25 0 1 10 50 2 27 7 166616 8 0 1 18 2 8 8 95 1 0 0 4 0 10 6 37 11 1 7 0 3 0 19 70 1 1 2 18 13 3 21 64 8 11 1 3 3 3 2 0 0 0 1 12 4 0 0 4 8 1 1 1 0
447 ATG 0 0 1 0 0 0 7 3 0 2 4 0 24 2 167059 14 0 0 5 5 1 0 0 0 0 11 1 0 5 1 5 0 0 0 0 0 5 0 14 1 0 0 0 1 2 0 20 0 0 0 1 0 0 1 2 1 0 11 0 11 0 0 15 1
448 ATG 0 0 1 0 0 1 7 0 1 0 3 0 31 11 167088 4 1 0 0 0 0 0 0 0 0 0 0 0 0 0 0 0 0 0 1 3 0 0 1 0 0 0 0 0 1 0 46 0 0 0 0 0 0 0 0 0 1 1 0 0 37 0 6 0
449 GAA 11 0 0 0 0 0 2 6 0 0 1 0 0 0 0 0 0 0 0 5 0 0 0 0 0 0 0 0 0 0 1 4 167148 5 21 5 0 0 0 0 30 1 0 0 5 11 0 1 1 0 0 1 1 1 1 0 2 0 0 0 6 0 1 0
450 GGT 12 2 1 0 0 9 7 26 3 4 2 101 0 0 3 0 0 1 2 0 0 0 0 0 24 2 5 3 2 5 8 37 4 0 0 16 0 0 0 2 1 36 24 166761 2 24 56 8 0 0 0 4 0 0 0 2 0 0 0 14 0 17 18 1
451 GCA 5 3 220 1 150 1 0 0 1 1 12 0 0 44 5 15 2 0 37 0 0 0 5 1 3 1 1 6 4 1 0 0 16 1 0 3 166141 15 47 4 37 14 66 9 188 3 28 0 0 0 0 0 5 0 5 0 0 2 16 0 8 2 0 1
452 AAA 167051 40 11 1 1 0 4 0 10 0 0 1 0 0 0 0 3 0 0 8 0 0 0 1 10 0 8 0 63 0 15 0 12 0 0 0 0 0 19 0 0 2 7 4 1 0 3 0 4 0 0 0 0 0 0 0 0 2 0 0 7 1 0 0
453 CCA 0 0 23 0 5 0 0 0 87 0 1 0 0 24 0 3 4 1 4 0 166246 1 21 0 4 0 2 0 6 4 0 0 0 4 0 0 0 0 23 0 183 2 11 29 0 0 18 0 0 1 0 0 9 1 0 0 0 5 1 0 0 0 0 0
454 GAA 24 1 3 0 0 0 0 22 1 0 3 0 13 0 3 0 51 0 0 6 4 19 0 0 0 2 0 0 3 0 0 1 166323 6 7 99 113 0 3 36 17 300 15 0 2 60 2 4 0 6 0 0 61 0 2 2 0 2 2 0 22 0 1 3
455 GAA 10 8 2 23 17 8 12 5 5 3 0 6 3 1 7 0 6 0 2 8 0 0 15 0 1 0 0 11 11 2 0 2 166757 1 32 10 7 0 6 0 27 24 19 4 38 11 49 13 1 0 0 15 1 3 3 6 0 0 0 11 8 2 9 31
456 ATG 0 0 8 2 0 0 12 0 1 1 349 4 5 0 166500 4 3 0 0 7 1 0 0 0 5 0 4 6 2 0 6 1 0 0 1 0 0 0 4 1 7 0 19 2 2 0 12 0 1 0 0 23 37 0 32 2 0 102 13 4 12 0 3 0
457 TCC 1 0 0 6 10 2 0 3 0 1 0 5 4 0 0 3 5 0 1 1 0 8 0 1 0 0 0 1 7 1 2 31 1 0 0 0 2 1 0 23 30 83 1 4 0 0 3 0 0 0 0 0 62 166637 3 105 0 2 0 0 7 4 1 0
458 TTC 0 0 0 1 1 0 0 0 0 0 0 0 0 1 0 0 0 0 0 0 0 1 0 0 0 0 0 0 1 5 0 0 0 0 0 0 0 0 0 0 1 0 0 0 0 2 0 0 0 1 1 6 0 7 0 0 0 3 9 1 7 167033 1 13
459 CAG 3 0 17 0 2 8 1 0 1 0 4 3 3 0 1 0 27 2 166231 17 0 0 8 3 27 1 362 55 2 0 7 3 0 0 3 6 0 1 0 0 5 0 23 2 3 0 1 0 0 0 14 12 0 0 0 0 0 0 0 0 0 0 0 2
460 GGG 205 0 0 0 0 0 1 0 0 0 35 0 0 0 0 0 0 0 0 0 0 0 0 0 5 0 9 0 0 0 0 0 1 0 7 0 0 0 2 0 13 1 137433 3 0 1 1 0 0 0 2 0 0 0 0 0 0 4 3 0 1 1 1 0
461 CGG 0 0 0 0 0 0 0 0 0 0 25 0 0 0 3 0 1 0 31 0 0 1 2 0 5 1 132888 6 0 0 3 0 0 0 0 0 0 0 0 0 0 0 4 0 0 0 0 0 0 0 1 0 0 0 0 0 0 0 6 0 0 0 0 0
462 GGA 0 0 0 0 0 0 0 0 8 0 0 0 0 0 0 0 0 0 0 0 0 0 0 1 0 0 0 0 0 0 0 0 5 1 0 0 4 0 18 6 126765 4 52 6 0 0 1 0 0 0 0 0 0 2 0 0 1 2 0 0 0 0 0 1
463 GTC 0 0 0 0 0 0 0 0 0 3 0 0 2 21 2 0 0 0 0 0 0 0 0 0 0 0 0 0 0 0 0 0 0 2 1 0 2 7 0 0 2 3 0 2 21 118058 7 15 0 0 0 0 0 0 0 0 0 2 4 1 0 0 6 0
464 TTC 0 0 0 0 0 0 0 0 0 1 0 0 0 4 0 0 0 0 0 0 0 0 0 0 0 0 0 0 0 10 0 0 0 0 0 0 0 0 0 0 0 0 0 0 0 2 0 0 0 0 0 0 1 16 0 3 0 0 0 0 1 138953 0 18
465 GAG 0 0 8 0 0 0 0 0 0 13 0 0 0 0 0 0 0 0 0 0 0 0 0 0 0 0 0 0 0 0 0 0 5 0 136303 0 0 0 0 0 1 0 23 2 0 0 4 0 0 0 1 0 0 0 0 0 0 1 3 0 0 0 0 0
466 CTC 0 0 7 0 0 0 0 0 4 0 0 0 0 7 54 4 3 29 13 29 17 52 4 15 1 0 2 1 25 117421 2 8 0 1 1 3 29 5 6 0 10 0 9 3 0 1 3 6 0 33 1 17 1 0 2 0 0 0 86 1 1 40 51 11
467 TCG 3 0 8 6 0 5 30 0 0 1 4 0 0 9 2 1 0 0 1 2 0 0 7 0 0 1 0 3 1 0 0 0 0 0 3 0 0 0 0 0 2 2 19 0 0 1 2 0 0 0 1 2 38 2 137953 6 0 0 5 0 0 5 32 2
468 GAC 0 3 0 0 0 0 0 0 0 0 0 0 0 0 0 0 0 0 0 0 0 0 0 0 0 0 0 0 0 0 0 0 0 138970 1 20 0 0 0 0 0 14 0 0 0 0 0 0 0 1 0 0 0 0 0 0 0 0 0 0 0 0 0 0
469 GAA 13 0 0 1 1 5 0 0 0 0 0 0 0 0 0 0 0 2 33 0 0 0 1 0 0 1 1 0 0 0 0 0 136203 3 24 3 1 6 0 3 13 4 0 0 2 3 2 0 0 0 0 2 2 0 0 2 0 0 1 0 0 0 9 1
470 AGG 0 0 9 0 0 0 0 0 2 1 136285 0 0 0 8 0 0 0 0 0 0 0 0 0 0 0 5 0 0 0 0 0 0 0 0 0 0 0 0 0 0 0 25 0 0 0 0 0 0 0 0 0 0 0 0 0 0 0 3 0 0 0 0 0
471 GCA 0 0 0 0 13 0 0 0 0 0 0 0 0 0 0 0 0 0 0 0 0 0 0 1 0 0 0 0 0 0 0 0 0 0 0 0 124405 3 44 1 1 0 0 0 38 0 0 0 0 0 0 0 0 0 0 0 0 2 0 0 2 0 0 0
472 GCG 0 1 0 0 2 1 120 0 0 0 0 0 0 0 0 0 1 44 0 0 0 0 2 0 0 0 0 0 0 0 0 0 0 0 2 0 20 0 128172 0 0 0 0 0 0 0 46 1 0 0 0 0 2 0 10 0 0 2 0 0 0 0 0 0
473 AAC 2 140294 0 19 0 1 0 0 0 8 2 0 0 0 0 0 1 6 2 0 0 0 0 0 7 0 8 6 0 0 0 0 0 5 0 0 0 0 0 0 0 0 0 0 0 0 0 0 0 4 0 0 0 0 3 0 1 1 1 0 0 3 0 0
474 CCG 0 0 0 0 0 0 2 0 0 0 0 0 0 0 0 0 0 0 7 0 29 1 166472 2 2 0 1 0 0 0 11 0 0 0 0 0 0 0 1 0 0 0 0 0 0 0 2 0 0 0 0 0 0 0 7 0 0 0 0 0 0 0 0 0
475 ATC 0 1 2 0 0 13 0 0 0 0 1 0 5 167029 1 13 0 0 0 0 1 0 3 0 0 3 0 0 0 36 0 0 0 0 0 0 0 1 1 0 0 2 0 0 0 66 0 0 0 0 0 0 0 0 0 0 0 2 0 0 0 1 0 0
476 GTG 0 0 0 0 0 0 3 0 0 0 0 0 0 0 26 0 0 0 0 0 0 0 1 0 0 0 38 0 0 0 1 0 0 0 2 0 6 1 97 23 0 0 8 0 55 0 166733 0 0 0 0 0 0 0 0 2 0 1 0 0 0 0 2 0
477 CCC 0 0 0 0 0 0 0 0 0 0 0 0 0 0 0 0 0 6 0 0 4 167128 0 10 0 1 0 0 0 1 0 0 0 0 0 0 0 0 0 0 0 0 0 0 0 0 0 0 0 0 0 0 0 19 0 0 0 0 0 0 0 0 0 0
478 TCT 0 0 9 0 0 0 2 2 0 1 0 0 0 0 0 0 6 3 5 0 4 5 1 23 0 0 0 0 0 0 0 6 0 0 0 0 0 0 0 0 0 0 0 1 0 0 0 6 0 1 0 10 2 320 126 166244 0 0 17 2 0 0 20 3
479 TTT 0 0 0 0 1 0 0 0 1 0 0 0 0 4 1 2 1 0 0 0 0 0 0 0 0 0 0 1 0 0 0 11 0 0 0 0 0 0 0 0 2 0 0 0 3 2 0 9 0 10 0 3 0 0 2 8 0 6 2 0 24 28 0 166897
480 GAC 0 21 0 0 0 0 0 0 1 1 0 0 0 0 0 0 5 29 6 0 0 1 0 34 0 14 0 1 2 3 0 1 8 166769 0 52 2 9 0 5 0 22 1 8 0 1 0 1 0 3 0 0 0 0 0 0 0 0 0 2 0 1 0 0
481 ATG 0 0 1 0 0 0 6 0 0 0 8 0 13 0 167103 4 2 0 0 0 0 0 1 0 0 0 0 0 0 0 3 0 0 0 0 0 0 0 1 0 7 0 0 0 0 0 26 0 0 5 0 0 0 0 0 0 0 3 4 0 0 0 2 0
482 AGT 0 10 0 20 0 0 0 0 0 7 1 167152 0 0 0 2 0 0 0 2 0 0 0 0 0 0 0 4 0 0 0 0 0 0 0 0 0 0 0 0 0 0 0 13 0 0 0 1 0 0 0 0 0 0 0 0 0 0 0 1 0 0 0 0
483 AAT 1 12 24 167274 0 0 0 0 0 0 0 2 0 2 8 1 0 0 0 0 0 0 0 0 0 0 0 0 0 0 1 0 0 0 0 13 0 0 0 0 0 0 0 0 0 0 0 0 0 0 0 2 0 0 0 0 0 0 0 0 0 0 0 0
484 GAA 5 1 0 4 0 0 0 2 0 0 0 0 0 0 0 0 0 0 0 0 0 2 0 0 0 0 0 0 0 0 0 0 166867 2 22 0 0 0 1 0 5 0 0 0 3 0 0 33 1 0 0 0 0 0 1 0 0 0 0 0 0 0 0 0
485 GGA 0 0 0 0 0 0 0 0 19 13 0 9 0 0 0 1 4 3 14 0 0 0 1 0 2 2 1 1 0 0 0 0 8 0 0 0 1 0 0 0 166950 1 27 15 5 2 4 27 0 0 0 0 0 0 0 0 6 0 21 12 0 0 3 5
486 TCT 0 0 0 0 0 0 0 0 0 0 0 0 0 0 0 0 0 0 0 0 0 0 0 4 0 0 0 0 0 0 0 1 0 0 0 0 0 0 0 0 0 0 0 0 0 0 0 0 0 0 0 3 1 4 2 167219 0 0 0 0 0 0 0 0
487 TAT 0 0 0 0 0 0 0 0 0 0 0 0 0 0 0 0 0 0 0 26 0 0 0 0 0 0 0 0 0 0 0 0 0 0 0 0 0 0 0 0 0 0 0 0 0 0 0 1 0 4 0 167254 0 0 0 0 0 0 0 9 0 0 0 0
488 TTC 0 0 0 0 0 0 0 0 0 0 0 0 0 2 0 0 0 2 0 0 0 0 0 0 0 0 0 0 0 2 0 0 0 0 0 0 0 0 0 0 0 0 0 0 0 3 0 0 0 0 0 0 0 6 0 0 0 0 0 0 1 166738 0 6
489 TTC 0 0 0 0 0 0 0 0 0 0 0 0 0 3 0 0 0 0 0 0 0 0 0 0 0 0 0 0 0 6 0 0 0 0 0 0 0 0 0 0 0 0 0 0 0 2 0 0 0 0 0 26 0 7 0 0 0 0 0 0 3 165969 0 17
490 GGA 0 0 0 0 0 0 0 0 20 0 0 0 0 0 0 0 0 0 0 0 0 0 0 0 0 0 0 0 0 0 0 0 4 0 0 0 0 0 0 0 167094 1 14 3 1 0 0 0 0 0 0 0 0 0 0 0 1 0 0 0 0 0 0 0
491 GAC 0 5 0 0 0 0 0 0 0 0 3 1 0 18 0 0 0 0 0 0 0 0 0 0 0 3 0 0 0 0 0 0 3 166980 0 10 0 1 0 0 0 24 2 0 2 20 4 1 0 3 1 0 0 2 0 0 0 2 2 0 0 0 1 0
492 AAT 5 5 1 167114 0 0 0 1 1 0 2 14 1 0 0 1 1 0 0 0 0 0 0 0 0 0 0 0 0 0 0 0 0 0 0 20 0 0 0 0 0 0 0 0 0 0 0 0 0 0 0 0 0 0 0 0 0 0 0 0 0 0 0 0
493 GCA 0 0 0 0 66 0 0 0 0 0 0 0 0 0 1 0 0 0 0 0 0 0 0 0 1 0 0 0 0 0 2 0 1 0 0 0 167034 8 29 8 2 0 0 0 33 0 3 1 0 0 0 0 2 0 2 0 0 0 0 0 1 0 0 0
494 GAG 0 4 10 0 0 0 0 0 0 0 0 0 0 0 4 0 0 0 0 0 0 2 2 0 0 0 0 0 0 0 0 0 40 1 167119 8 0 2 0 0 3 0 27 0 5 0 5 1 0 0 0 0 0 0 0 0 0 1 0 0 0 0 0 0
495 GAG 0 20 9 0 0 0 0 0 0 0 7 0 1 0 2 0 0 0 1 0 0 0 1 0 0 0 0 0 0 0 0 0 53 7 167127 3 0 0 0 0 0 0 14 1 1 0 3 2 0 0 0 0 1 0 7 0 0 1 1 0 0 0 2 0
496 TAC 0 0 0 0 0 3 0 0 0 1 0 0 0 0 2 0 0 12 0 0 0 0 0 0 0 0 0 0 0 0 0 0 0 1 1 0 0 2 0 0 1 1 1 0 1 3 3 1 0 167001 0 33 0 3 0 0 1 49 5 0 2 6 0 1
497 GAC 0 69 18 14 0 5 1 0 0 33 7 4 0 13 64 0 0 0 0 7 0 0 0 0 0 4 0 0 5 0 0 0 7 165488 6 17 2 30 14 3 7 133 17 0 2 24 5 165 34 52 8 6 0 31 3 3 0 0 24 64 10 35 6 2
498 AAT 391 46 625 162974 60 61 64 27 764 93 378 87 56 138 21 45 5 662 6 8 1 0 0 2 58 81 29 24 1 1 4 3 1 0 0 11 15 3 19 8 154 48 2 18 15 8 8 3 4 1 17 1 1 1 7 6 22 20 9 23 12 2 31 4
499 TAA 0 0 0 0 0 0 0 0 0 0 0 0 0 0 0 0 9 0 0 0 0 0 0 0 0 0 0 0 0 0 0 0 0 0 0 0 0 0 0 0 0 0 0 0 0 0 0 0 167194 1 4 7 1 0 0 0 13 0 0 0 6 0 0 0
