# POSITION WT AAA AAC AAG AAT ACA ACC ACG ACT AGA AGC AGG AGT ATA ATC ATG ATT CAA CAC CAG CAT CCA CCC CCG CCT CGA CGC CGG CGT CTA CTC CTG CTT GAA GAC GAG GAT GCA GCC GCG GCT GGA GGC GGG GGT GTA GTC GTG GTT TAA TAC TAG TAT TCA TCC TCG TCT TGA TGC TGG TGT TTA TTC TTG TTT
1 ATG 0 0 2 0 0 0 9 0 0 0 1 0 9 0 217050 12 0 0 0 0 0 0 0 0 0 0 0 0 0 0 8 0 0 0 0 0 0 0 0 0 0 0 0 0 0 0 43 0 0 0 0 0 0 0 0 0 0 0 0 0 0 0 2 0
2 GCG 0 0 0 0 0 0 3 0 0 0 0 0 0 0 0 0 0 0 0 0 0 0 0 0 0 0 0 0 0 0 0 0 0 0 3 0 25 0 216931 2 0 0 0 0 0 0 46 0 0 0 0 0 0 0 1 0 0 0 0 0 0 0 0 0
3 TCC 3 0 0 0 6 2 0 7 0 1 0 0 0 0 2 1 0 8 0 34 0 49 0 0 1 0 0 0 0 3 0 0 0 0 0 0 0 13 0 1 0 0 0 0 0 0 0 0 0 11 0 0 9 216828 1 24 0 0 2 1 0 7 0 0
4 CAA 25 296 2 0 73 15 0 100 0 0 0 3 227 5 0 25 214971 51 45 11 2 1 0 0 20 1 0 0 83 43 32 16 3 0 0 0 62 0 4 31 0 0 0 3 183 0 7 0 8 19 0 1 41 12 408 241 2 0 0 13 33 1 19 27
5 GGC 0 0 0 0 0 7 0 0 0 24 0 0 0 0 0 0 0 3 0 0 0 8 0 0 0 20 0 0 0 0 0 0 0 34 0 0 0 17 0 0 0 216930 1 9 0 0 0 0 0 0 0 0 0 28 0 0 0 89 0 0 0 0 0 0
6 ACC 0 0 0 0 1 217062 0 4 0 0 0 0 0 7 0 0 0 3 0 0 0 0 0 0 0 0 0 0 0 0 0 0 0 0 0 0 0 7 0 0 0 0 0 0 0 0 0 0 0 0 0 0 0 0 0 0 0 0 0 0 0 0 0 0
7 AAA 217112 4 6 0 0 0 0 0 8 0 0 0 0 0 0 0 0 0 0 0 0 0 0 0 0 0 0 0 0 0 0 0 19 0 0 0 0 0 0 0 0 0 0 0 0 0 0 0 0 0 0 0 0 0 0 0 0 0 0 0 0 0 0 0
8 CGG 0 0 0 0 0 0 0 0 0 0 1 0 0 0 0 0 2 0 11 0 3 0 5 0 41 0 217057 3 3 0 2 0 0 0 0 0 0 0 0 0 0 0 2 0 0 0 0 0 0 0 0 0 0 0 0 0 0 0 28 0 0 0 0 0
9 TCT 0 0 0 2 0 11 1 5 0 1 0 0 0 0 0 0 10 1 0 0 0 0 0 6 0 0 0 0 0 0 0 2 0 0 0 0 7 7 0 1 0 0 0 0 0 0 0 0 0 0 0 0 2 166 14 216775 0 0 0 1 22 1 0 2
10 TAT 1 15 0 0 10 17 0 9 0 0 0 0 2 9 1 37 0 1 9 38 8 3 0 2 0 0 0 0 2 8 6 0 4 0 12 3 0 0 1 0 6 1 2 0 7 0 0 0 4 15 1 216848 0 9 0 1 0 6 0 30 0 1 4 3
11 GAA 19 0 0 0 1 0 0 0 0 0 0 0 0 0 0 0 3 0 0 0 0 0 0 0 0 0 0 0 0 0 0 0 216968 1 21 0 2 0 0 0 18 0 0 0 2 1 3 0 4 0 0 0 0 0 0 0 0 0 0 0 0 0 0 0
12 CAG 8 4 201 0 1 6 0 0 0 37 17 0 0 2 0 1 29 68 216375 64 3 1 4 1 3 26 18 0 47 6 40 26 0 0 2 0 8 4 6 11 0 0 29 3 0 0 0 3 0 8 23 2 1 3 14 26 0 17 8 0 8 2 0 1
13 ATG 1 0 0 0 0 1 7 0 0 0 7 0 20 0 217047 2 0 0 0 0 0 0 0 0 1 0 2 0 0 0 0 0 1 0 0 0 0 0 0 0 0 0 0 0 0 1 21 0 7 0 1 0 0 0 0 0 0 0 1 0 0 0 0 0
14 GAA 15 0 0 0 1 0 0 0 126 0 0 0 0 0 0 0 0 0 0 0 1 0 0 0 8 0 0 0 3 0 0 0 216868 2 10 5 0 0 0 0 17 0 0 0 2 0 0 0 1 0 0 1 0 0 0 0 0 0 1 0 0 0 0 0
15 ACT 0 0 0 2 4 27 0 217074 0 0 0 1 0 1 0 4 0 0 0 0 0 0 0 1 0 0 0 0 0 0 0 2 0 0 0 0 0 0 0 9 1 0 0 0 0 0 0 0 0 0 0 0 0 0 0 0 0 0 0 0 0 0 0 0
16 GAT 0 0 0 19 2 0 0 0 0 0 0 0 0 0 0 1 0 0 0 0 0 0 0 0 0 0 0 0 0 0 0 0 9 14 5 217061 0 0 2 1 0 0 0 32 0 0 0 1 0 0 0 1 0 1 0 0 0 0 0 0 0 0 0 0
17 GGG 2 1 1 0 2 1 0 1 0 0 8 0 0 0 0 0 2 0 1 0 0 5 3 3 0 0 0 0 0 0 0 0 0 0 9 1 0 0 2 0 62 3 217024 4 0 0 4 0 0 0 0 0 0 0 0 0 0 0 13 0 1 0 0 0
18 GAA 31 0 0 2 0 6 1 0 0 0 0 0 0 1 0 0 6 0 0 0 80 11 10 0 0 0 0 0 0 1 0 4 216582 4 157 6 3 157 0 1 23 14 1 0 0 1 0 0 32 3 0 0 21 2 0 0 0 0 0 0 1 1 0 0
19 CGC 0 1 0 0 0 0 0 1 0 4 0 0 0 0 0 0 0 75 0 0 0 0 0 0 2 216996 0 6 0 1 0 0 0 0 0 0 0 1 0 0 0 0 0 0 0 0 0 0 0 1 0 0 0 0 0 0 2 43 0 0 0 0 0 0
20 CAG 0 0 1 0 0 0 0 0 0 0 0 0 1 0 0 0 7 0 216576 6 0 0 247 1 0 1 74 0 0 0 1 0 0 0 0 0 0 0 0 0 0 0 0 0 0 0 0 0 0 0 7 0 0 0 0 0 0 0 0 0 0 0 0 0
21 AAT 14 9 0 216864 48 119 14 10 0 3 1 12 0 1 3 5 0 2 9 0 0 0 0 0 3 0 1 12 0 1 2 0 0 0 0 3 0 1 0 0 0 0 0 0 1 0 1 0 0 0 0 0 30 1 0 1 0 0 0 0 0 0 0 0
22 GCA 8 0 6 0 69 6 4 0 26 0 1 0 0 1 0 0 0 1 0 1 21 2 0 1 133 36 22 11 0 1 3 1 8 0 0 0 214920 94 15 17 5 0 0 0 60 1588 10 16 14 4 0 0 4 1 5 2 0 0 0 0 0 0 0 0
23 ACT 0 2 2 9 45 16 59 216180 3 4 0 1 0 0 0 4 3 12 10 0 0 5 0 1 5 5 1 14 0 1 0 0 0 0 0 0 12 2 14 11 4 0 6 0 0 1 1 0 8 0 8 0 11 181 175 337 21 0 0 0 0 0 0 0
24 GAG 0 0 40 0 1 0 8 0 0 0 0 0 0 1 5 0 14 2 1 10 1 0 0 0 0 0 0 0 0 0 0 0 265 0 216608 20 0 1 32 1 0 0 8 0 7 0 4 0 4 0 56 0 12 6 0 1 68 0 1 0 0 0 0 0
25 ATC 0 1 0 0 0 13 0 0 0 0 0 0 12 217127 2 8 0 0 0 0 0 1 0 0 2 1 0 0 0 1 0 0 0 0 0 1 0 0 0 0 0 0 0 0 0 13 0 0 2 0 0 0 0 0 0 0 0 0 0 0 0 1 1 0
26 AGA 13 0 0 1 0 0 0 0 217049 0 17 1 4 0 0 0 0 0 0 0 0 15 0 0 4 25 0 0 0 0 0 0 0 0 0 0 0 0 0 0 44 0 0 0 0 0 1 0 0 0 0 0 0 0 0 0 6 0 0 0 0 0 0 0
27 GCA 2 0 2 0 7 0 1 1 0 0 13 8 1 1 0 0 0 0 3 0 3 2 0 0 0 37 3 0 0 0 0 0 5 0 0 0 216986 29 9 2 0 0 0 0 37 0 0 0 5 0 4 0 5 0 2 0 1 0 0 0 0 1 0 0
28 TCC 28 18 0 0 0 1 1 0 3 0 0 0 0 0 0 0 0 11 1 10 0 9 0 0 0 0 4 0 0 3 0 0 0 10 1 0 0 9 1 0 0 18 3 0 0 0 0 0 2 0 14 1 22 216941 3 35 0 2 0 1 0 16 0 2
29 GTC 0 0 2 0 0 3 0 0 0 0 0 0 0 58 0 0 0 0 0 0 0 0 0 0 0 1 0 0 0 4 0 0 0 0 0 0 0 6 0 0 0 2 0 0 24 217043 1 14 0 0 0 0 0 0 0 0 0 0 0 0 0 4 0 0
30 GGG 0 6 0 2 0 0 0 1 2 0 47 0 0 0 0 0 0 1 0 0 0 7 0 1 0 1 0 0 0 0 0 0 0 0 9 0 2 2 0 0 15 12 216895 0 1 0 3 0 0 0 0 0 0 0 0 0 0 0 2 0 0 0 0 0
31 AAG 8 1 216258 4 0 0 1 0 0 0 178 0 0 0 1 0 0 0 0 0 0 0 0 0 1 1 13 20 0 0 0 0 0 0 17 0 0 0 0 0 0 0 0 1 0 0 0 0 1 0 7 0 0 2 0 0 0 0 0 0 0 0 0 0
32 ATG 2 0 0 0 0 0 9 0 0 0 4 0 10 0 217094 4 1 2 0 0 0 2 0 2 1 0 0 0 0 0 0 0 0 0 0 0 0 0 0 0 0 0 0 0 0 0 15 3 9 0 6 0 2 0 0 0 4 0 7 0 0 0 0 0
33 ATT 1 2 1 0 1 1 0 8 0 0 0 0 13 27 2 217068 0 0 3 0 0 0 0 0 0 0 0 0 0 0 0 0 1 2 0 0 0 0 0 0 0 0 1 0 4 0 0 41 0 1 0 0 1 0 0 0 7 0 0 1 0 1 0 1
34 GAT 0 0 0 772 12 3 0 7 0 1 0 19 0 1 36 0 11 5 20 5 0 0 0 0 0 13 0 0 36 1 11 7 4 17 1 215784 32 42 0 6 1 3 8 89 2 0 0 19 10 1 3 3 69 2 55 12 1 0 0 37 1 0 4 0
35 GGA 0 0 0 0 0 1 0 0 14 0 0 0 0 0 0 3 0 2 0 0 0 0 0 1 0 0 0 0 0 0 0 0 21 0 0 0 1 0 0 0 217049 10 21 0 0 0 0 0 7 0 6 0 0 1 0 0 25 1 0 0 2 0 0 0
36 ATT 0 0 0 1 0 0 0 8 0 0 0 4 0 17 2 217070 0 0 0 0 0 0 0 0 0 0 1 0 0 0 15 3 0 0 0 2 0 0 0 0 0 0 0 0 0 0 0 4 0 0 0 0 0 1 0 0 0 0 0 0 0 0 0 0
37 GGA 0 0 0 0 0 0 0 0 6 0 1 0 0 0 0 0 0 0 0 0 0 3 1 0 0 0 0 0 0 0 0 0 8 1 0 0 0 0 0 3 216947 0 128 20 0 0 0 0 0 0 0 1 0 0 0 0 7 0 0 0 0 0 0 0
38 CGA 0 0 0 0 0 0 1 0 20 0 0 0 0 0 0 0 32 1 0 0 0 1 0 0 216473 0 10 0 1 1 0 0 1 0 0 0 0 0 1 0 0 0 0 0 0 0 0 0 13 0 0 0 0 0 0 0 28 0 0 0 0 0 0 0
39 TTC 0 0 0 0 0 0 0 0 0 0 0 0 0 1 0 1 0 0 0 0 0 4 14 1 0 0 0 0 0 8 0 0 0 1 0 0 0 0 0 1 0 0 0 0 0 2 0 0 0 0 19 1 0 3 0 0 11 1 0 1 4 216945 0 13
40 TAC 0 5 0 0 0 0 0 0 0 0 0 0 1 0 0 0 0 30 0 0 0 0 0 0 0 0 0 0 1 0 1 1 0 1 0 0 1 2 2 0 0 1 1 0 1 0 0 0 18 216847 11 21 0 1 0 0 9 21 0 0 0 0 0 0
41 ATC 0 30 0 0 0 11 1 0 0 6 1 0 3 216579 17 36 0 4 0 0 0 0 10 0 1 0 2 0 0 10 1 1 0 0 1 1 0 0 0 3 0 0 4 0 0 4 0 0 0 0 11 0 0 0 0 0 0 0 0 5 12 0 1 0
42 CAA 6 0 15 0 0 0 0 0 0 0 0 0 0 0 0 0 211718 0 47 0 0 1 0 0 10 0 0 0 2 0 1 0 0 0 0 0 0 0 0 0 1 1 0 0 0 0 0 0 18 0 0 0 0 0 0 0 1 0 0 0 0 0 0 0
43 ATG 0 0 5 0 0 0 3 0 0 0 2 1 15 7 213243 0 1 5 0 1 0 2 0 0 0 0 0 0 0 0 0 0 0 0 0 0 0 0 0 0 0 0 0 0 0 0 10 0 0 0 0 0 0 0 0 0 0 0 0 0 0 0 0 0
44 TGC 0 2 0 0 0 0 0 0 0 0 0 0 0 0 0 0 0 0 0 0 0 0 0 0 0 3 0 0 2 0 0 0 0 0 0 0 0 1 0 0 0 1 0 0 0 0 0 1 0 34 0 0 0 0 0 0 9 205861 5 177 0 3 0 0
45 ACT 0 0 0 1 3 16 0 209910 2 0 0 2 0 0 0 8 4 0 0 5 6 0 0 0 2 0 0 0 0 0 0 0 0 0 0 0 0 0 0 7 0 0 0 0 0 0 1 0 0 0 1 1 0 1 0 0 0 1 0 3 0 0 0 0
46 GAA 22 0 0 0 0 1 0 0 0 0 0 0 0 7 0 4 0 0 0 0 0 0 0 0 0 0 0 2 0 0 0 1 213461 0 6 0 1 0 0 0 15 0 1 0 1 0 0 0 9 0 0 0 0 0 0 4 0 0 0 0 0 0 0 0
47 CTT 0 0 11 0 0 0 0 0 0 0 0 0 0 1 0 3 1 1 0 1 7 0 0 23 3 0 0 3 104 55 1 214960 0 0 0 0 0 0 0 0 0 0 0 0 0 0 0 0 0 0 0 0 1 0 0 0 0 0 0 0 0 0 47 1
48 AAA 214678 6 11 0 0 0 0 0 13 0 0 0 1 0 0 0 0 0 0 0 0 0 0 5 2 0 0 0 0 0 0 0 8 0 0 0 0 0 0 0 0 0 0 0 0 0 0 0 0 0 0 0 1 0 0 0 0 0 0 0 0 0 0 0
49 CTC 2 3 1 0 1 4 1 0 0 0 1 1 1 13 0 0 1 1 4 0 1 9 25 0 2 0 0 3 42 212386 4 31 0 0 0 0 0 1 0 0 5 0 1 3 0 1 0 0 4 1 18 1 0 0 0 0 26 2 2 0 15 12 60 2
50 AGT 0 43 1 6 3 65 19 4 0 19 0 200273 0 1 0 3 0 2 1 0 0 7 1 3 0 1 1 1 1 0 1 0 6 12 0 0 0 2 7 2 14 2 1 41 0 0 3 0 3 1 33 1 16 7 6 3 3 5 2 0 0 0 1 0
51 GAT 0 0 0 3 1 1 0 1 0 0 0 0 0 5 2 2 0 1 0 0 0 0 1 3 0 0 0 0 2 0 0 5 16 25 2 209285 0 0 2 0 0 0 1 17 0 0 1 1 5 0 8 1 0 0 0 0 0 0 0 0 0 2 2 0
52 TAT 0 0 0 24 0 0 0 0 0 0 0 0 0 0 0 0 0 0 0 22 1 1 0 0 0 0 0 0 0 0 0 1 0 0 1 0 2 0 0 2 1 0 0 1 5 0 5 0 18 21 5 213978 0 0 0 1 0 0 0 17 0 1 0 0
53 GAG 2 0 4 4 0 0 0 0 0 0 0 0 0 0 0 0 0 0 0 0 1 0 0 0 0 0 0 0 0 0 0 0 20 17 205850 50 0 0 0 0 0 6 33 4 0 0 4 0 0 1 1 1 0 1 0 0 3 1 0 0 0 0 0 0
54 GGG 0 0 2 0 1 21 3 1 0 33 11 0 0 0 24 0 0 0 2 0 0 0 9 1 2 3 1 0 0 0 0 0 0 0 24 0 2 39 76 26 13 10 206995 5 0 0 5 0 8 0 0 0 0 0 0 0 0 0 5 0 0 0 1 0
55 CGA 0 1 0 0 1 1 0 1 14 3 7 0 0 0 0 0 24 0 0 0 0 0 1 0 206793 64 22 4 1 2 0 2 0 0 0 0 0 0 1 0 5 0 0 0 1 0 0 0 0 1 0 0 0 0 0 0 143 2 8 0 0 0 0 0
56 CTG 0 3 1 2 0 2 1 2 0 0 1 0 0 1 0 0 1 0 0 4 0 1 49 0 0 1 3 0 103 41 210896 177 0 2 0 0 0 0 0 0 0 0 0 0 0 0 0 0 0 1 15 0 0 0 6 1 0 1 1 1 0 1 39 0
57 ATC 0 2 0 0 0 8 2 4 0 0 0 0 9 216994 0 21 0 0 0 0 7 3 0 0 0 3 0 0 7 6 22 1 0 0 1 0 0 0 0 3 0 0 0 0 1 19 21 2 11 0 11 0 0 0 0 1 2 1 0 4 0 3 0 0
58 CAG 0 5 1 0 0 0 0 0 0 0 0 0 0 0 0 0 59 2 217055 1 0 6 1 0 0 1 16 0 0 1 5 0 0 0 0 0 0 0 0 0 0 0 0 0 0 1 1 0 0 1 8 0 0 1 0 0 0 0 0 0 0 1 0 0
59 AAC 3 216796 1 33 0 5 0 0 0 13 0 2 1 2 0 0 0 1 0 3 0 0 1 0 1 2 2 0 0 1 0 2 0 17 2 3 0 0 0 0 15 1 2 3 0 0 0 0 6 1 10 0 0 0 0 0 218 0 5 0 0 0 1 0
60 AGC 1 18 0 0 0 1 0 0 6 216958 0 9 1 1 4 0 0 0 0 0 0 0 0 0 83 1 0 0 0 0 0 0 0 0 0 0 0 0 0 0 0 10 1 0 1 0 0 0 5 0 0 0 0 4 1 0 0 4 9 3 0 0 0 2
61 TTA 0 0 0 1 0 2 0 0 0 0 0 0 25 9 0 60 0 4 0 0 0 0 0 0 0 0 0 2 10 0 3 0 1 0 0 0 0 0 0 0 0 6 0 0 3 0 1 0 2 0 0 0 19 0 0 0 1 5 0 2 216921 0 19 1
62 ACA 3 1 0 0 216929 40 9 23 0 1 0 1 10 0 0 0 0 1 0 0 7 5 0 0 8 0 0 2 0 4 0 1 0 1 1 0 11 0 9 0 1 0 0 1 0 0 0 0 0 0 10 0 1 41 0 6 5 0 0 0 0 0 0 1
63 ATA 5 0 0 2 17 0 0 0 2 0 0 0 217033 20 39 5 0 0 0 1 0 8 0 0 0 1 0 0 0 2 0 0 0 0 0 0 5 0 0 0 0 0 0 0 19 0 0 0 0 0 0 1 0 0 0 0 0 0 0 0 0 0 0 0
64 GAG 1 0 4 0 1 1 0 0 0 6 0 0 0 3 83 0 0 1 1 0 0 0 0 0 0 25 0 0 0 0 1 0 7 0 216978 1 0 0 0 0 4 0 20 0 0 1 0 0 1 0 6 2 0 0 0 0 0 0 0 0 0 0 0 1
65 AGA 36 0 0 0 2 3 0 0 217022 0 14 0 1 0 0 0 0 0 0 0 1 0 0 1 4 0 0 3 0 0 0 0 0 0 0 0 0 7 0 0 11 0 0 0 0 0 0 0 4 3 0 2 0 0 0 1 2 0 0 0 0 0 0 0
66 ATG 0 0 2 0 0 0 11 0 0 1 1 1 13 0 217014 1 0 0 0 0 0 0 0 1 0 0 0 0 0 0 0 0 0 0 0 0 0 0 0 0 0 0 0 0 1 0 4 0 0 0 0 0 0 0 0 0 0 0 0 0 0 0 0 0
67 GTG 0 0 0 0 0 0 0 0 0 0 0 0 0 0 10 0 0 0 0 0 0 0 1 0 0 0 0 0 3 0 0 0 0 0 1 0 0 0 13 0 0 0 1 0 128 0 216944 15 0 0 0 0 0 0 0 0 0 0 0 0 0 0 2 0
68 CTC 0 0 0 0 0 3 0 2 0 0 0 0 0 12 0 0 0 5 0 0 0 16 0 3 0 0 0 156 21 216843 0 57 0 0 0 0 0 0 0 0 0 0 0 0 0 1 0 0 11 1 3 0 0 0 0 0 2 0 1 0 0 22 0 0
69 TCT 2 0 0 0 0 0 0 0 0 34 0 3 0 0 0 0 0 2 0 0 0 0 0 28 0 0 0 0 0 0 16 0 0 0 0 0 0 0 0 1 0 12 0 0 0 0 0 0 5 0 0 3 3 38 1 217028 3 0 0 0 0 0 0 4
70 GCT 0 0 0 0 1 2 0 60 0 0 0 0 0 1 0 0 0 0 0 0 2 1 0 0 1 0 0 0 0 0 0 1 0 0 0 2 9 75 14 216914 2 1 1 0 0 0 0 15 21 0 12 0 0 4 2 2 0 0 0 0 0 2 7 0
71 TTT 0 1 0 0 0 0 0 0 0 0 0 0 0 0 0 0 0 0 0 0 0 0 0 0 0 0 0 0 0 0 0 12 0 1 0 0 0 0 0 0 0 0 0 0 0 0 0 2 3 0 5 2 0 2 0 13 0 0 0 1 1 27 1 217087
72 GAC 0 2 0 0 0 0 0 0 0 0 0 1 0 0 0 0 0 1 0 0 0 0 0 0 0 0 0 0 0 0 1 0 5 216899 1 122 0 0 0 0 0 29 0 0 0 3 0 0 0 4 10 0 0 2 0 0 14 1 0 3 0 0 0 0
73 GAA 35 10 0 0 0 5 0 0 0 0 0 3 5 0 0 0 5 48 0 0 1 0 0 0 1 1 4 0 4 0 0 0 216878 2 71 2 2 1 0 0 13 0 16 5 4 0 0 6 3 0 0 4 0 4 0 0 0 14 0 1 0 2 0 0
74 AGA 15 0 0 0 1 0 0 0 216982 0 116 0 4 0 2 0 0 0 0 0 0 1 0 0 1 0 0 0 0 9 0 0 0 0 0 0 0 0 0 0 22 0 0 0 0 0 0 0 18 0 0 0 0 0 0 0 2 0 0 0 0 0 0 0
75 AGG 0 0 9 0 0 0 0 0 10 0 216853 0 2 0 9 0 0 0 0 0 0 0 0 0 0 9 8 211 0 0 0 0 0 0 0 0 0 0 0 0 0 0 42 0 0 0 0 0 0 0 0 0 0 0 0 0 0 0 4 0 0 0 0 0
76 AAT 0 40 0 217095 0 1 0 5 1 0 0 11 0 0 0 0 0 0 0 0 0 0 0 0 0 0 0 0 0 0 0 0 0 0 3 10 0 1 0 0 0 0 0 0 0 0 1 0 0 0 0 0 0 4 0 0 0 0 0 0 1 0 0 0
77 AAA 217082 2 8 1 0 0 0 0 14 0 0 12 0 9 0 0 0 5 0 0 0 0 0 0 0 2 0 0 1 1 0 0 25 0 21 1 0 0 0 0 0 0 0 0 0 0 0 1 7 0 0 0 0 0 0 1 0 0 0 3 0 0 0 0
78 TAT 0 0 1 1 0 0 0 0 0 0 0 0 0 0 0 0 0 0 0 13 0 0 0 0 0 22 0 0 0 0 0 0 0 0 0 0 0 0 0 0 0 0 0 0 0 1 0 0 2 13 8 217067 0 0 0 2 4 0 0 9 0 2 0 13
79 CTG 0 0 6 0 0 1 0 0 0 0 0 0 0 1 12 0 0 0 2 1 0 6 24 0 0 0 1 0 14 17 216866 5 2 0 0 0 0 0 0 0 0 0 0 0 1 0 0 0 0 0 5 1 0 0 0 0 0 0 0 0 0 0 35 0
80 GAA 24 3 0 1 0 15 6 0 3 1 0 0 2 23 11 0 1 4 1 1 0 0 0 0 0 1 0 1 0 8 1 1 216838 0 14 3 11 1 5 2 14 1 0 0 14 54 0 0 8 6 2 0 2 4 0 7 5 7 0 18 13 0 7 0
81 GAA 22 5 0 12 2 1 0 11 0 0 0 0 957 3 0 3 2 1 4 0 0 0 0 0 0 0 0 0 0 10 0 0 215879 1 21 0 4 1 0 3 10 18 2 1 4 1 0 5 143 3 0 1 0 1 0 1 4 0 0 24 0 0 0 3
82 CAT 7 0 4 2 0 3 0 0 5 0 0 0 0 3 1 0 14 28 3 216818 0 0 0 4 0 0 83 37 7 1 0 2 10 0 0 0 4 0 0 0 2 0 0 0 1 0 1 0 17 0 3 19 0 0 0 1 90 1 3 0 0 0 0 5
83 CCC 0 1 2 2 0 2 0 1 0 1 1 3 0 0 1 0 2 6 0 0 10 216809 21 10 1 3 1 0 0 6 0 0 0 0 0 0 0 1 6 4 4 4 1 0 0 2 4 0 14 2 20 0 10 8 3 0 0 0 0 0 0 0 1 0
84 AGC 15 28 0 1 0 1 9 0 12 216247 3 75 2 3 1 0 5 0 53 8 0 1 0 0 0 3 0 0 0 2 0 6 5 0 0 0 92 46 2 3 8 59 0 1 6 0 1 0 27 0 39 0 0 0 12 16 3 3 0 0 0 0 1 1
85 GCG 1 0 0 0 36 26 82 0 1 0 0 0 28 24 11 0 2 3 0 0 3 4 11 0 0 4 16 2 5 0 0 0 0 0 17 0 37 0 199363 22 1 1 12 2 0 0 8 4 2 0 92 2 16 0 14 0 0 0 0 14 0 0 0 0
86 GGG 51 1 1 1 3 0 43 6 0 0 19 0 0 0 0 0 0 18 7 2 1 9 5 1 1 0 0 0 0 2 0 4 1 1 5 0 0 4 4 0 13 11 199663 19 0 0 0 0 0 0 0 7 2 0 0 0 0 0 1 0 1 16 3 0
87 AAG 28 0 200211 36 0 0 3 3 0 0 23 0 0 0 5 0 0 0 0 11 0 0 0 0 0 0 0 0 0 0 0 0 1 0 38 0 0 0 0 0 0 0 11 0 0 0 0 0 4 2 20 0 0 5 0 0 24 0 0 0 0 0 3 0
88 GAT 0 5 0 26 0 0 0 0 0 2 1 0 0 0 0 0 0 0 0 0 7 0 0 0 0 0 0 0 0 0 0 0 1 60 1 200266 0 0 0 0 0 0 3 11 0 0 0 0 33 1 7 2 85 2 0 0 33 0 1 1 0 0 0 0
89 CCT 0 4 0 2 0 2 0 21 0 10 0 1 2 2 9 0 3 4 0 12 18 346 205 199590 0 0 0 0 2 0 0 6 0 11 2 0 2 8 0 3 8 2 9 1 0 0 6 1 29 0 5 0 1 1 4 9 49 4 4 10 1 0 0 5
90 AAG 25 11 200229 14 1 13 17 6 4 0 42 0 11 0 6 0 0 13 8 7 0 0 0 0 2 19 28 19 4 1 15 10 0 0 11 0 1 11 1 0 0 3 5 5 0 0 3 0 1 0 2 5 1 2 2 0 5 0 0 4 1 0 24 1
91 AAA 200445 1 17 1 0 0 0 0 13 0 0 0 0 1 0 0 1 2 0 0 0 0 0 21 9 13 0 0 0 0 0 0 11 0 0 0 0 0 0 0 0 0 0 0 0 0 1 0 5 0 0 0 0 0 0 0 32 0 0 0 1 0 0 1
92 ACT 0 1 0 4 66 108 23 200094 0 0 0 2 0 0 0 3 0 0 0 0 0 0 4 2 0 0 0 0 0 0 0 0 0 1 0 0 1 0 0 14 0 0 0 1 0 0 0 0 1 0 1 0 0 0 0 0 0 2 0 0 0 0 0 0
93 GGA 0 0 0 0 0 0 0 0 15 0 0 0 0 0 0 0 0 0 0 0 0 0 0 0 0 0 0 0 0 0 0 0 7 0 0 0 0 0 0 0 200152 2 47 4 4 0 0 0 2 0 0 0 0 0 0 0 8 0 0 0 0 0 0 0
94 GGA 0 0 0 0 0 0 0 0 25 0 0 0 0 0 0 0 0 0 0 2 0 16 0 0 0 0 0 0 0 0 1 0 11 0 0 0 1 0 0 0 200007 6 171 3 0 0 0 1 2 0 2 3 0 0 0 0 27 0 0 0 0 1 0 0
95 CCC 0 0 0 0 0 1 0 1 0 0 0 0 0 0 0 0 0 4 0 0 33 200276 0 92 0 0 0 0 0 4 0 1 0 0 0 0 0 0 0 2 0 1 0 0 0 0 0 0 33 0 9 0 0 7 0 0 0 0 0 0 0 0 0 0
96 ATA 2 0 0 0 15 0 0 0 0 0 0 0 200272 0 11 0 0 0 0 0 0 0 1 126 0 0 2 0 3 1 0 0 0 0 0 0 0 0 0 0 0 0 0 0 48 1 0 0 2 0 0 0 0 1 0 0 6 0 0 0 1 0 0 0
97 TAC 0 1 0 0 0 0 0 0 0 0 0 0 0 0 0 0 0 19 0 0 0 0 0 0 0 0 0 0 2 0 0 0 0 6 0 0 0 0 1 0 0 0 0 1 0 0 0 3 3 200158 38 9 0 0 0 1 0 9 0 0 0 0 0 1
98 AAG 26 0 200216 2 4 4 2 0 5 0 64 0 0 0 4 0 1 2 0 1 2 0 0 0 0 0 24 0 0 1 2 0 1 20 18 0 0 0 0 0 0 0 0 0 0 0 0 0 10 0 4 0 0 0 1 0 0 0 0 0 0 0 3 0
99 AGA 11 0 0 0 0 1 0 0 200517 0 15 2 2 0 0 0 0 0 0 0 0 0 0 0 18 7 0 2 0 0 0 0 0 1 0 0 0 0 0 0 9 0 1 0 0 0 0 0 0 0 0 0 0 0 0 0 0 5 0 0 0 0 0 0
100 GTA 0 0 56 2 7 0 0 0 0 0 0 0 36 0 12 0 0 2 0 5 6 17 4 0 0 108 2 0 0 18 0 5 0 0 1 0 12 4 0 0 2 0 4 0 200059 19 78 19 11 0 6 0 3 3 0 0 41 6 0 1 5 0 0 0
101 GAT 0 2 0 33 0 1 0 0 0 1 0 0 0 0 0 0 1 1 2 3 0 0 0 0 0 0 0 0 0 0 0 0 5 74 12 200373 1 0 2 0 0 0 0 51 0 0 0 0 3 0 5 5 0 0 0 1 0 0 0 1 1 0 0 0
102 AGA 13 1 0 0 1 1 0 0 200436 0 19 1 6 0 0 0 1 0 0 0 0 2 0 1 1 3 0 0 0 2 0 0 0 0 0 0 0 7 0 24 26 0 3 0 0 0 0 0 4 2 0 0 0 4 0 0 1 1 1 3 0 0 1 1
103 AAG 12 0 200509 1 0 0 2 0 0 0 21 0 2 0 2 0 0 0 0 0 0 0 0 0 22 2 1 0 0 0 0 0 0 0 6 0 0 0 0 0 0 0 25 0 0 0 0 0 0 0 1 0 0 1 0 0 1 0 0 2 0 0 0 0
104 TGG 0 0 0 0 1 0 0 0 0 1 2 0 0 0 0 0 1 0 2 0 0 0 0 3 0 0 10 10 0 0 0 0 0 0 3 0 0 0 0 0 0 0 2 0 0 0 0 0 5 1 25 3 0 7 0 0 18 0 200454 0 0 1 1 1
105 ATG 0 0 6 0 9 14 21 0 0 0 7 0 16 3 200220 2 0 0 0 85 0 0 0 0 1 0 4 0 4 5 6 0 0 0 1 0 0 0 0 0 0 0 0 3 0 0 81 0 0 5 0 1 2 0 0 0 0 3 0 1 0 0 9 1
106 AGG 0 0 20 0 0 5 1 0 22 0 200335 3 0 0 19 0 0 0 0 0 0 0 0 0 0 7 2 0 3 0 0 0 0 0 0 0 0 0 0 0 0 0 46 0 0 0 0 0 0 0 44 0 0 0 0 0 0 0 7 0 0 0 0 0
107 GAA 26 0 0 0 0 0 0 0 0 0 0 0 0 0 0 0 0 0 1 0 0 0 0 1 0 0 0 0 0 0 0 0 200462 4 8 2 0 0 1 0 12 0 0 0 0 0 0 0 1 0 2 1 0 0 0 0 0 1 0 0 0 1 0 0
108 CTC 0 0 0 0 1 0 0 1 0 0 0 0 0 6 0 0 0 2 0 0 0 16 0 0 0 1 0 0 7 200486 1 8 0 11 0 0 0 0 0 0 0 0 0 4 0 3 0 0 0 0 0 0 0 0 0 0 8 0 0 0 0 8 0 0
109 GTC 0 0 0 0 0 0 0 0 0 0 0 0 0 41 0 0 41 0 0 0 0 0 0 0 0 2 4 1 0 1 1 0 0 0 0 0 0 14 0 0 0 2 0 0 96 200315 0 6 0 0 6 0 1 0 0 0 10 1 2 0 0 2 0 0
110 CTT 0 0 0 0 0 0 6 0 0 0 0 0 0 0 0 10 0 0 0 5 0 1 0 13 0 0 0 0 1 7 16 200515 0 0 0 1 0 0 3 1 0 0 0 0 0 0 0 0 0 0 0 0 0 0 0 0 0 0 0 1 1 0 0 4
111 TAT 0 0 0 0 0 0 0 0 0 0 0 0 1 35 0 0 0 0 0 30 0 0 0 0 0 0 0 1 11 0 0 0 0 0 0 1 0 4 20 0 0 0 0 0 263 1 0 0 80 83 2 200001 0 1 0 0 10 0 16 17 0 30 4 1
112 GAC 0 38 0 0 0 0 0 0 0 0 0 0 0 0 0 0 0 0 0 0 0 1 0 1 0 0 0 0 0 0 0 0 3 200384 2 7 0 1 0 0 0 36 0 0 0 1 0 0 0 0 5 0 0 0 0 0 1 0 0 0 0 0 0 0
113 AAA 200518 3 31 1 0 0 0 0 7 0 0 0 0 0 0 0 0 0 0 0 0 0 0 0 0 0 3 0 1 3 0 1 14 0 0 0 0 0 0 0 0 0 0 0 0 0 0 0 0 0 0 0 0 0 0 0 0 0 0 0 0 0 0 0
114 GAA 15 0 0 0 0 0 0 0 1 0 0 0 1 0 0 0 0 2 2 4 0 0 1 0 0 0 0 0 0 0 0 0 200513 2 11 1 0 1 1 0 14 0 1 0 1 0 0 0 3 0 0 0 0 5 0 0 0 1 0 0 0 0 0 0
115 GAA 13 0 0 0 0 0 0 0 0 0 0 0 1 0 0 0 1 5 0 0 0 0 0 1 0 0 0 0 0 1 0 0 200538 1 13 0 2 0 0 0 9 0 0 0 0 0 0 0 1 0 8 0 0 0 0 0 0 0 0 0 0 0 0 0
116 ATA 0 0 0 0 6 0 6 0 2 0 0 0 200490 1 28 8 0 0 0 2 1 1 0 0 0 0 0 0 1 0 0 1 0 0 0 1 0 0 0 0 0 0 1 0 23 3 13 0 0 0 0 0 7 0 0 0 0 0 0 0 0 0 0 0
117 AGG 0 0 3 0 0 0 1 12 7 0 200423 0 0 0 8 0 1 0 1 0 0 0 1 0 0 0 5 0 0 2 0 0 0 0 1 0 0 0 0 0 0 0 29 0 0 0 0 2 0 1 3 0 0 0 0 0 0 0 4 3 1 0 0 1
118 CGA 0 0 1 0 1 0 0 1 3 0 0 0 0 0 0 0 24 0 0 0 0 0 1 0 199236 0 32 0 1 1 0 0 0 1 0 0 0 0 0 0 1 0 0 0 0 0 0 0 0 0 0 0 0 0 0 0 32 0 0 0 0 0 0 0
119 ATC 0 0 0 0 0 6 0 0 0 1 0 0 26 199050 0 12 0 0 0 0 0 0 0 0 0 0 0 0 0 2 0 0 0 2 0 0 0 0 0 0 0 0 0 0 0 1 1 0 0 0 0 0 0 0 0 0 0 0 0 0 0 0 0 0
120 TGG 0 0 0 0 0 0 2 0 0 0 1 0 0 0 0 0 0 0 0 0 0 1 0 0 0 0 18 0 0 0 0 0 0 0 0 0 0 0 0 0 0 1 1 1 0 0 0 0 0 0 9 0 0 0 4 0 18 0 199684 1 0 1 3 0
121 CGC 0 0 0 0 0 1 1 0 0 25 0 0 0 0 0 0 0 56 0 1 0 5 0 0 6 199435 19 7 0 0 0 1 0 1 0 0 0 3 0 0 0 0 1 0 0 0 0 0 2 1 1 2 0 2 0 0 4 34 0 8 0 0 0 0
122 CAA 3 0 0 0 0 1 0 1 0 0 1 0 0 0 2 18 198569 8 35 0 1 0 0 0 15 0 24 0 0 0 0 0 0 2 0 0 1 0 0 7 19 1 0 0 0 0 22 0 15 0 0 1 0 0 0 0 3 2 4 0 0 0 3 0
123 GCC 0 0 0 0 0 30 0 0 0 1 2 0 0 0 0 0 0 0 0 0 0 0 0 0 0 2 1 0 0 1 0 0 0 1 0 0 0 198563 0 4 0 1 1 0 1 18 0 0 0 0 0 0 0 3 0 0 21 0 0 0 0 0 0 0
124 AAT 0 16 0 180870 0 0 0 2 0 0 0 3 0 0 0 0 0 0 0 0 0 0 1 0 0 0 0 0 0 0 0 2 0 0 0 20 0 0 1 0 0 0 0 0 1 0 0 0 1 0 0 0 0 0 2 2 2 0 0 0 0 0 0 0
125 AAT 72 7 4 175100 0 0 0 0 1 0 0 6 1 0 0 0 0 3 1 3 0 0 0 0 0 0 4 0 0 0 0 0 1 2 0 19 0 0 0 0 0 0 0 0 0 0 0 0 3 1 2 7 44 0 0 0 11 3 0 3 0 10 0 0
126 GGT 2 1 2 0 0 0 2 1 0 0 0 11 0 0 0 0 0 3 0 0 5 0 0 0 0 0 3 2 0 1 0 3 0 0 0 15 0 0 0 0 1 16 26 164419 0 0 0 0 0 0 2 0 1 0 0 0 0 0 0 5 0 0 0 0
127 GAT 0 1 6 52 1 0 0 0 5 6 589 0 5 1 1 12 0 4 0 10 0 0 1 0 1 16 0 3 0 0 0 0 4 18 11 164491 22 0 1 0 3 0 1 40 3 9 1 0 1 1 0 2 557 0 0 0 0 4 0 7 1 0 0 0
128 GAT 18 70 0 13 18 0 8 0 1 4 0 11 0 0 6 0 2 0 0 1 0 0 0 2 1 0 0 0 7 0 0 0 4 5 117 179209 3 0 0 2 0 0 0 20 0 0 2 2 3 0 0 1 6 1 2 0 0 0 2 0 0 2 0 0
129 GCA 8 0 0 0 138 1 0 0 0 9 0 1 1 1 2 0 0 1 0 0 0 0 0 0 0 3 0 0 0 0 0 0 6 0 0 0 192458 13 25 2 0 11 0 0 43 0 0 2 15 0 9 2 3 0 0 32 0 0 0 0 0 0 1 0
130 ACA 31 0 1 0 196310 25 11 7 3 0 0 0 3 2 0 0 0 0 0 14 0 3 0 0 2 0 118 7 0 0 2 0 0 0 0 0 7 0 0 0 0 0 0 0 0 0 54 0 20 0 0 0 3 0 0 0 0 0 0 0 0 0 0 0
131 GCT 0 0 0 1 0 1 1 20 0 13 0 10 0 0 0 0 0 2 0 4 0 4 0 0 0 0 0 0 1 0 0 0 0 0 0 7 15 31 5 191365 0 0 1 2 1 0 0 4 42 0 21 0 6 2 7 3 0 1 0 0 0 0 0 0
132 GGT 0 0 0 0 3 0 0 0 0 0 0 9 0 0 0 0 0 0 0 0 1 1 0 0 0 0 0 0 0 0 0 0 0 0 0 4 0 1 0 0 0 35 231 189561 0 1 0 1 0 0 24 0 1 0 0 0 0 0 1 1 0 1 0 0
133 CTG 0 0 0 0 1 0 0 0 0 0 0 0 1 0 9 0 0 0 2 0 0 0 23 0 0 0 0 0 66 17 193326 1 0 0 1 0 0 0 0 0 0 1 0 0 0 1 0 0 0 0 0 0 0 0 2 3 0 1 0 0 0 1 9 0
134 ACT 0 0 0 3 16 100 0 183579 0 0 0 0 0 0 0 3 0 0 0 0 0 3 1 1 2 0 0 0 0 0 0 0 0 0 0 0 1 3 0 26 1 0 0 0 0 17 0 55 0 0 0 0 2 0 0 3 0 0 2 0 0 0 0 0
135 CAC 0 1 0 1 0 0 0 0 0 0 0 1 0 0 0 0 1 187284 2 6 0 4 0 0 0 9 0 1 0 1 0 0 0 0 0 0 0 0 0 0 0 0 0 0 0 0 0 0 1 3 2 0 0 0 1 0 0 0 0 0 0 7 15 0
136 ATG 0 0 0 0 8 0 14 0 0 0 1 0 69 17 188941 620 0 0 0 0 0 0 0 0 0 1 0 0 4 91 2 0 0 0 1 0 0 1 0 3 0 2 0 0 2 0 26 0 2 0 2 3 0 0 0 0 0 0 0 3 6 0 126 0
137 ATG 0 1 1 1 0 0 6 0 0 0 0 0 9 0 178433 0 0 0 0 1 0 0 0 0 0 0 0 0 0 1 0 0 0 1 0 0 0 0 8 0 0 0 1 0 0 0 15 0 4 0 0 0 0 0 0 0 2 0 0 0 0 0 0 0
138 ATC 0 1 0 0 0 7 0 0 0 0 0 0 4 173754 0 16 0 2 2 0 0 0 0 0 0 0 0 0 0 1 1 0 0 0 0 0 0 0 0 0 0 0 0 0 0 13 0 0 0 1 3 0 0 0 0 0 0 0 0 0 0 0 0 0
139 TGG 1 0 0 0 0 0 0 0 0 0 1 0 0 0 0 0 0 0 0 0 1 0 1 0 0 0 47 0 0 0 0 0 0 0 0 0 0 0 0 0 0 0 4 0 0 0 0 0 1 0 19 0 0 0 0 0 27 0 195568 0 0 0 1 0
140 CAT 0 0 0 5 0 0 0 0 0 0 0 0 0 0 0 0 0 8 0 200331 0 0 0 2 0 0 0 13 0 0 0 2 0 0 0 0 3 0 0 0 0 0 0 0 0 0 0 0 0 0 0 23 0 0 0 0 0 0 0 0 0 0 0 0
141 TCC 0 0 0 0 0 4 0 0 0 0 0 2 0 0 2 0 0 0 0 0 0 27 0 0 0 0 0 0 0 0 0 0 0 0 0 0 0 0 0 0 0 0 0 0 1 0 0 0 0 3 0 0 11 200398 11 23 2 1 0 0 0 6 0 0
142 AAT 0 10 0 200248 0 0 0 5 0 0 0 12 0 1 0 1 0 0 0 1 0 0 3 0 0 0 0 0 0 0 0 0 1 0 0 25 0 1 0 0 0 0 0 0 0 0 0 0 0 0 0 1 0 0 0 0 0 0 0 0 0 0 0 5
143 TTG 0 0 0 0 0 0 0 0 0 1 0 0 1 0 3 0 0 0 0 0 0 1 0 1 0 0 0 0 1 0 8 0 0 0 0 0 0 0 0 0 1 0 0 0 0 0 0 0 1 0 0 0 0 0 10 0 0 0 2 0 26 0 200352 1
144 AAT 0 6 1 200195 0 0 0 3 0 2 0 19 0 0 0 0 0 0 0 2 0 0 0 0 0 0 0 0 0 4 0 0 0 0 1 24 0 0 0 0 0 0 0 0 0 0 0 1 2 0 0 1 0 0 0 0 0 0 0 0 0 0 0 0
145 GAT 0 0 0 6 0 0 0 0 0 0 0 0 0 0 0 0 0 0 0 2 0 0 1 0 0 0 0 0 0 0 0 0 0 47 0 200419 0 0 0 0 0 0 0 13 0 0 0 1 0 0 1 2 0 0 0 0 1 0 0 0 0 0 0 0
146 ACA 2 0 0 0 200163 49 36 0 1 0 0 0 24 9 0 0 0 0 0 0 0 0 0 0 0 0 0 0 0 0 0 0 0 11 0 0 153 11 2 0 0 0 4 0 0 0 0 0 2 0 0 0 0 0 0 0 0 0 0 0 0 0 0 0
147 ACA 4 0 0 0 200461 2 15 0 1 0 0 0 6 0 0 0 0 0 0 0 1 1 0 1 0 0 0 0 0 0 0 0 0 1 0 0 12 0 0 0 0 0 0 0 0 0 0 0 0 0 0 0 0 0 0 0 0 1 0 0 0 0 0 0
148 TAC 0 1 0 0 0 5 0 0 0 0 0 0 0 2 0 0 0 15 0 0 0 1 0 0 0 0 0 0 0 0 0 0 0 0 0 0 0 0 0 0 1 0 0 0 0 0 0 0 2 200450 2 3 0 0 0 0 0 10 0 0 0 1 0 0
149 CAG 0 0 4 0 0 0 0 0 0 0 0 1 0 0 0 0 15 1 200214 2 0 0 2 0 0 1 39 0 0 1 0 0 0 0 2 0 0 0 0 0 0 0 0 0 0 0 1 0 0 0 74 0 0 0 0 0 0 0 0 0 0 0 0 0
150 AGG 0 0 24 0 0 0 0 0 23 0 200401 0 0 0 3 0 0 0 0 2 0 0 0 0 0 0 14 0 0 0 0 0 0 0 0 0 0 0 0 0 0 0 26 0 0 0 0 0 0 0 0 0 0 0 0 0 0 0 2 0 0 0 0 0
151 ACA 1 0 0 0 200361 3 34 12 4 0 0 0 2 0 0 0 0 0 0 0 3 0 3 0 0 0 0 0 0 0 0 12 0 0 0 0 18 0 0 0 0 0 0 2 0 0 0 0 0 0 7 0 0 0 0 0 2 0 0 0 0 0 0 0
152 AGA 18 0 3 2 0 0 0 0 200046 0 12 0 2 0 0 0 0 0 0 0 0 0 1 0 27 2 16 54 0 0 0 0 0 0 0 0 13 0 0 0 64 0 0 0 0 0 0 0 17 0 14 0 1 0 0 0 56 0 0 0 0 0 0 2
153 GCT 0 1 1 2 0 0 0 18 0 0 0 2 0 0 0 0 4 0 0 0 0 0 0 0 0 0 0 0 0 0 0 0 0 0 0 5 5 30 2 200382 0 0 0 1 0 1 0 4 0 3 0 1 0 0 0 4 4 0 0 0 1 0 1 0
154 CTT 0 1 0 0 0 0 0 0 0 0 0 25 1 0 1 3 0 0 1 1 0 0 1 15 0 0 0 0 4 49 5 199753 6 0 1 0 0 0 0 0 0 0 0 0 2 1 0 0 3 0 0 1 0 0 0 0 0 0 0 0 0 0 51 6
155 GTT 0 0 1 0 0 1 0 0 0 0 2 0 1 0 1 13 0 0 0 1 0 1 0 0 3 0 0 0 0 0 0 1 0 0 0 0 1 0 0 7 4 0 1 1 39 28 1 198865 5 0 0 0 2 0 0 0 0 1 1 0 0 0 0 0
156 CGC 1 0 0 0 0 0 17 0 20 2 0 0 0 0 0 2 0 69 0 1 0 36 0 0 5 197379 31 46 0 3 1 0 0 0 0 0 0 0 1 0 1 1 0 132 0 0 0 0 0 2 0 0 0 0 0 2 0 33 0 0 0 1 0 0
157 ACC 0 1 0 0 9 198433 90 62 0 5 1 1 0 42 1 1 0 0 1 1 0 0 23 0 0 2 0 0 0 35 0 0 0 1 0 0 111 12 3 0 0 0 0 0 0 14 60 38 0 0 0 0 0 6 21 0 0 0 0 13 0 0 3 8
158 GGC 0 0 1 0 0 0 1 0 0 44 0 0 0 0 0 2 0 2 0 0 1 46 0 0 0 0 0 0 1 0 0 0 0 75 0 0 0 0 0 0 5 200136 58 24 0 2 1 1 4 0 0 0 0 0 0 0 0 2 0 0 0 0 0 0
159 ATG 2 0 0 0 0 0 13 0 0 0 2 0 16 0 200319 12 0 0 0 0 0 2 9 0 0 0 0 1 1 91 0 0 1 0 0 0 0 0 0 0 0 0 0 0 0 1 15 0 32 0 0 0 0 0 0 0 0 0 1 0 12 0 4 1
160 GAT 0 1 0 11 0 0 0 0 0 0 0 0 10 0 3 0 0 0 0 0 0 0 0 0 0 0 5 0 0 0 0 0 5 22 2 200416 0 0 0 0 0 0 0 15 0 0 4 0 0 0 0 1 0 0 0 0 0 0 0 0 0 1 0 0
161 CCC 0 1 0 2 1 2 0 0 0 2 0 0 0 0 0 0 0 6 0 0 66 199741 1 18 1 0 2 0 0 6 0 0 0 0 0 0 3 0 13 0 0 0 4 4 0 0 1 0 0 1 5 0 6 28 0 0 1 0 0 2 0 0 0 0
162 AGG 0 0 12 0 0 0 1 0 167 1 200183 2 1 0 10 0 0 0 0 0 0 5 0 0 0 2 5 3 4 0 1 0 0 1 0 0 2 0 1 1 1 0 35 0 1 0 13 0 3 6 0 0 0 0 5 0 1 0 1 1 0 0 0 0
163 ATG 0 0 0 0 2 1 5 0 0 0 1 0 14 1 200483 1 0 0 0 0 0 0 0 0 0 0 0 1 0 0 3 2 0 0 0 0 0 0 0 0 0 0 0 0 0 0 13 3 0 0 0 0 0 0 0 1 1 5 1 1 1 0 2 0
164 TGC 0 3 0 5 1 1 0 10 0 0 0 0 5 0 4 0 0 0 0 0 0 0 0 1 0 8 0 0 0 0 0 0 0 0 2 0 49 51 17 12 0 2 0 0 13 1 7 1 0 96 1 7 0 5 0 0 3 200145 0 55 0 10 0 0
165 TCT 0 6 0 28 2 4 0 6 0 0 0 0 0 0 0 1 0 0 0 0 0 0 0 12 0 0 0 0 0 0 0 0 0 0 0 0 7 0 7 1 2 5 0 3 0 0 0 0 0 0 1 3 2 38 1 200327 0 35 0 11 0 0 1 3
166 CTG 1 0 1 0 0 0 0 0 0 0 2 0 0 0 8 1 0 0 1 0 4 1 34 0 0 0 0 0 9 9 200441 2 0 0 0 0 0 0 0 0 0 0 0 0 0 0 0 0 21 0 0 0 0 0 0 0 0 0 0 1 0 0 15 0
167 ATG 0 0 16 0 0 0 4 0 0 0 0 0 55 1 200435 1 0 0 0 0 0 0 0 0 0 0 0 0 11 0 7 0 0 0 0 0 0 0 0 0 0 0 0 0 0 0 13 0 0 0 0 0 1 2 0 0 0 0 0 0 0 0 1 0
168 CAG 2 0 4 0 3 0 0 0 0 0 0 1 1 0 0 0 13 0 156444 6 0 0 6 0 5 10 41 0 0 0 0 0 0 0 1 0 2 0 10 0 0 0 2 0 3 0 0 0 9 0 52 0 1 0 0 0 2 0 0 0 0 0 0 0
169 GGT 0 0 2 0 0 0 0 0 0 0 0 8 0 0 0 0 0 1 0 0 0 0 0 0 0 0 0 0 1 0 0 0 0 0 0 14 0 0 2 0 6 5 75 156291 0 0 0 0 22 0 0 0 0 0 0 0 0 0 0 1 0 0 0 0
170 TCG 0 0 0 0 0 0 0 0 0 0 0 0 0 0 0 0 0 0 0 0 0 0 12 1 0 0 0 0 0 0 0 0 0 0 0 0 0 0 1 0 0 0 1 0 0 0 0 0 0 14 6 0 224 3 156172 45 0 0 0 0 0 0 27 0
171 ACT 0 0 2 4 0 16 0 156591 0 0 0 0 0 0 1 4 0 0 0 0 0 0 0 1 0 0 0 0 0 0 0 0 0 0 0 0 0 0 0 20 0 0 0 0 0 0 0 0 0 0 0 0 0 0 0 0 1 0 0 0 0 0 0 0
172 CTC 0 0 0 0 95 0 0 0 0 0 0 0 0 3 0 0 0 3 0 0 0 15 0 0 0 0 0 0 5 156462 21 5 0 0 0 0 0 6 0 0 0 0 0 0 0 0 0 0 0 0 0 0 0 0 7 0 0 0 0 3 0 4 0 0
173 CCT 5 0 0 3 1 0 1 3 0 0 5 0 0 0 0 0 0 1 0 2 301 94 226 156003 0 0 0 0 0 0 0 3 0 0 0 0 0 3 1 0 1 0 0 1 0 0 0 0 4 0 0 0 0 1 0 6 0 0 0 1 0 0 0 0
174 AGG 0 0 8 0 2 0 0 0 13 0 156601 2 0 0 2 0 0 0 0 0 0 0 0 0 0 0 2 0 0 1 0 0 0 0 0 0 0 0 0 0 0 0 16 1 0 0 0 0 2 0 0 0 0 0 0 1 0 0 2 0 1 0 0 0
175 AGG 0 1 12 0 0 0 0 0 10 0 156511 1 0 2 6 0 0 0 0 0 0 0 0 0 3 0 0 16 0 0 0 0 0 0 0 0 0 0 0 0 0 0 19 0 0 0 0 0 0 0 1 0 0 0 0 0 0 0 1 0 0 0 0 0
176 TCT 0 0 0 0 0 0 0 1 0 0 0 0 0 0 0 0 0 0 1 0 0 0 0 11 0 0 0 1 0 0 0 0 0 0 0 0 0 0 0 1 0 0 0 0 0 0 0 1 0 0 0 2 6 136 4 156463 0 0 0 0 0 0 22 4
177 GGA 0 0 0 0 0 0 1 0 6 0 0 0 0 0 0 0 0 8 0 0 0 0 0 0 0 0 0 0 0 0 2 0 6 0 0 0 0 0 0 0 156565 0 31 11 2 0 0 0 0 0 2 0 4 0 0 0 3 0 0 0 3 0 0 0
178 GCT 9 2 0 0 0 2 0 19 0 0 0 0 0 0 0 0 0 0 0 0 0 4 0 0 0 0 0 0 0 2 0 0 0 0 0 2 5 443 10 155915 0 0 0 0 0 0 0 14 1 0 2 0 0 0 0 3 0 113 0 0 0 0 0 0
179 GCA 0 0 0 0 91 0 0 0 0 0 0 0 2 0 1 0 0 0 0 0 0 0 0 0 0 0 0 0 0 0 0 0 0 0 2 0 155986 95 178 33 2 0 0 0 25 0 0 0 1 0 0 0 2 12 0 2 2 0 0 0 0 0 0 0
180 GGC 0 0 0 0 0 1 0 0 0 18 0 0 0 1 0 0 0 0 0 2 0 0 0 1 0 1 0 0 0 0 0 0 0 14 0 0 0 0 0 0 3 156383 7 72 0 0 0 0 0 0 0 0 0 0 0 0 1 4 0 0 1 0 0 0
181 GCT 0 0 0 0 0 0 0 66 0 0 0 0 0 0 1 0 1 1 2 0 0 0 0 0 0 0 0 2 0 0 0 0 0 0 0 1 1 55 8 156266 1 0 0 0 0 0 0 5 3 0 0 0 0 0 0 4 0 0 7 0 0 1 0 0
182 GCA 0 0 0 1 84 0 1 0 0 0 0 0 0 0 0 0 0 0 0 0 0 0 0 1 0 0 0 0 0 0 0 0 1 0 0 0 156211 13 41 3 0 0 1 0 80 0 0 1 0 0 0 0 2 0 0 0 0 0 0 0 0 0 0 0
183 GTC 0 0 1 0 1 0 0 0 0 0 0 0 0 18 0 0 0 0 3 0 0 2 1 0 0 0 0 0 0 1 1 0 0 0 0 0 0 10 0 0 0 0 0 0 3 156500 5 9 0 0 6 0 17 0 0 0 0 0 0 1 0 2 0 0
184 AAA 156457 23 51 8 11 0 0 0 6 0 0 0 0 0 0 0 0 2 0 0 0 0 0 0 0 0 1 0 0 0 0 0 10 0 0 0 0 0 0 0 0 0 0 0 0 0 1 0 2 0 0 0 0 0 0 0 0 0 0 0 0 0 0 0
185 GGA 0 0 0 0 0 0 0 0 10 0 0 0 0 0 1 0 0 1 0 0 0 0 0 45 0 0 0 1 0 0 0 0 10 0 0 1 0 0 0 0 156536 15 9 10 0 0 0 0 5 0 0 0 0 0 0 0 11 0 0 0 0 1 0 0
186 GTT 0 0 0 0 0 0 0 0 0 0 0 0 17 56 1 59 0 0 0 0 0 0 0 0 0 0 0 0 1 0 0 0 0 2 2 0 0 0 8 5 0 0 0 1 15 21 20 156450 0 0 1 1 0 0 0 0 0 0 0 0 0 0 2 1
187 GGG 2 0 0 0 0 0 0 0 0 1 9 0 0 0 0 0 1 0 0 0 0 0 0 0 0 0 0 0 1 0 0 0 0 0 12 0 0 0 0 0 20 0 156515 1 0 0 4 0 0 0 0 0 0 0 1 0 0 1 4 0 0 0 0 0
188 ACA 1 0 1 0 156541 11 29 2 0 0 0 0 3 0 0 0 0 0 0 0 0 0 0 0 0 0 0 0 0 0 0 0 0 0 0 0 17 3 0 0 12 0 0 0 0 0 2 0 0 0 2 0 2 1 1 0 0 0 0 0 0 0 0 0
189 ATG 0 0 0 0 0 0 10 0 0 0 2 0 25 0 156563 3 0 1 0 0 0 0 0 0 0 0 1 0 19 2 20 1 0 0 0 0 0 0 0 0 1 0 0 0 0 0 6 0 2 0 0 0 0 2 0 0 0 7 0 1 0 0 0 0
190 GTG 0 0 0 0 0 1 0 0 0 1 0 0 0 0 5 0 0 1 0 0 0 0 0 0 2 0 0 0 0 0 1 0 0 0 0 0 0 0 8 0 0 0 5 0 19 0 156554 2 0 0 0 0 6 0 2 0 0 0 0 0 0 0 2 0
191 ATG 0 0 0 0 0 0 9 0 0 0 2 0 7 0 156577 3 0 1 0 0 0 0 0 2 0 0 0 0 0 0 0 0 0 0 0 0 0 0 0 0 0 0 0 0 0 0 16 0 0 0 0 1 0 0 0 0 0 0 0 0 2 0 1 0
192 GAG 0 0 11 1 0 0 0 0 0 0 0 0 0 0 0 0 0 0 0 0 0 0 0 0 0 0 0 5 0 0 0 0 21 0 156577 3 1 0 1 0 0 0 29 1 0 0 4 0 0 0 2 0 0 0 0 0 3 0 0 0 0 0 0 0
193 TTG 0 0 0 0 0 0 0 0 0 0 0 0 0 0 0 0 0 0 0 0 0 0 0 0 0 0 0 0 0 0 43 0 0 0 0 0 0 0 1 0 0 0 1 0 0 0 1 0 0 0 0 0 0 0 13 0 0 0 2 1 31 0 156574 2
194 ATA 2 0 1 0 11 0 0 0 3 0 0 0 156576 6 8 10 0 0 0 0 0 1 0 0 0 0 0 0 0 0 0 0 0 0 0 0 0 0 0 0 0 0 0 0 49 0 0 0 0 0 0 0 0 0 0 0 0 0 0 0 1 0 0 0
195 AGG 0 0 4 0 0 1 0 1 10 0 156565 0 0 0 15 0 0 0 0 8 0 0 0 0 10 0 5 5 0 0 0 0 0 0 0 0 0 0 0 0 0 0 24 0 0 0 0 0 0 0 0 0 0 0 0 0 0 0 3 0 0 0 0 0
196 ATG 3 0 0 0 0 0 7 0 0 0 6 0 9 0 156527 8 1 0 0 0 0 0 0 0 0 0 0 0 0 1 0 0 0 0 80 0 1 1 0 0 0 0 5 0 0 0 10 2 1 0 0 0 0 0 0 0 3 0 0 0 0 0 1 0
197 ATC 0 1 0 0 0 11 7 0 0 2 0 0 0 156560 0 42 0 0 0 0 0 0 0 0 0 0 0 0 0 0 0 0 0 0 0 0 0 1 1 0 0 8 0 1 0 17 5 0 0 0 2 0 0 1 0 0 0 0 0 0 0 0 0 0
198 AAA 156631 5 8 1 2 0 0 0 13 0 0 0 1 0 0 0 0 0 0 0 0 1 0 0 0 0 0 0 0 0 0 0 13 0 0 0 0 0 0 0 0 1 0 0 0 0 0 0 0 0 0 0 0 0 0 0 0 0 0 0 0 0 0 0
199 CGT 0 0 0 0 0 0 0 0 0 0 2 4 0 0 0 0 1 0 0 14 0 0 0 0 0 5 3 156590 0 0 0 0 0 0 0 0 0 0 0 0 0 0 0 4 0 0 0 0 0 0 9 0 0 0 0 0 0 0 0 12 0 0 0 0
200 GGG 0 0 0 0 0 1 5 0 0 0 9 0 0 0 0 0 0 0 0 0 0 0 0 0 0 0 0 0 0 0 0 0 0 1 4 0 0 0 1 0 22 1 156298 7 0 0 4 0 1 0 0 0 0 0 0 0 0 0 5 1 0 0 0 0
201 ATC 5 0 0 0 1 14 0 0 1 1 0 0 102 156419 0 14 3 2 0 0 0 0 0 0 29 0 0 0 0 0 2 5 0 0 0 0 0 1 0 2 0 1 0 0 1 33 2 5 0 3 0 0 0 0 0 0 0 0 0 5 0 0 0 1
202 AAT 0 30 4 156550 0 0 1 2 0 0 0 28 0 0 0 2 0 0 0 0 0 0 0 1 0 0 0 0 10 0 0 0 0 0 0 25 1 0 0 0 0 0 0 0 1 0 0 0 0 0 0 0 0 0 0 0 0 0 0 0 0 0 1 1
203 GAT 20 0 0 10 0 0 0 0 1 0 0 2 0 0 0 0 0 0 0 0 0 0 0 0 0 0 0 0 0 0 0 0 1 8 1 156608 0 0 0 0 0 0 0 13 0 0 0 0 0 0 0 1 0 0 0 0 0 0 0 0 0 0 0 0
204 CGG 0 0 0 0 0 0 0 0 0 0 53 0 0 0 0 0 0 0 24 0 0 0 0 0 15 16 156461 0 0 0 3 0 0 1 0 0 0 0 0 0 0 0 1 0 0 0 0 0 0 1 0 0 0 0 0 0 2 0 26 0 0 0 0 0
205 AAC 1 155922 0 7 1 2 0 0 1 11 0 0 15 0 0 0 0 3 0 0 0 0 1 0 0 0 0 0 0 0 0 0 0 5 0 0 2 0 0 0 0 0 0 0 0 1 0 0 3 1 0 2 0 0 0 0 0 0 0 1 0 0 0 1
206 TTC 0 0 1 0 0 0 0 0 0 0 0 0 2 1 3 0 0 0 0 0 0 0 0 0 0 0 3 0 0 5 0 0 0 0 0 0 0 0 0 0 0 0 0 0 0 1 0 0 0 1 1 0 0 9 0 0 0 0 0 0 1 156565 1 3
207 TGG 1 0 0 0 0 0 0 0 0 0 1 0 0 0 0 0 0 0 0 0 0 0 2 0 0 0 14 0 0 0 0 0 0 0 0 0 2 0 0 0 0 0 1 0 0 0 0 0 0 1 4 0 0 0 0 0 9 0 156568 1 0 5 4 0
208 AGA 5 2 0 0 1 0 0 0 155907 0 43 3 2 1 0 0 0 0 0 0 0 0 0 1 28 11 0 0 0 0 1 0 0 0 0 0 0 0 0 0 18 0 0 0 0 0 0 0 0 0 1 0 0 0 0 0 1 0 0 0 0 0 0 0
209 GGT 0 0 0 0 1 0 0 0 0 0 0 18 0 0 0 0 1 0 0 0 0 1 0 0 0 0 1 0 0 0 0 0 0 0 0 12 0 0 0 0 5 15 202 145680 0 0 0 2 0 0 0 0 0 0 0 0 1 0 0 2 1 0 0 0
210 GAA 21 0 0 0 0 0 0 0 0 20 0 0 0 0 0 0 0 0 1 1 0 0 0 0 0 0 0 0 2 0 0 0 155529 3 15 0 4 0 0 0 12 5 0 0 1 0 0 0 1 0 0 0 0 0 0 0 0 0 0 0 0 0 0 0
211 AAT 0 6 0 151566 0 16 0 10 0 1 0 62 0 28 0 0 0 0 0 0 0 3 0 0 0 1 0 0 1 0 0 0 0 0 2 11 0 0 0 0 0 40 8 0 0 18 0 5 0 2 0 0 0 2 17 6 0 0 0 0 0 0 18 0
212 GGA 1 0 0 0 0 0 0 0 34 0 0 0 0 2 0 0 0 0 0 0 1 0 0 0 0 0 0 0 0 0 0 0 8 0 0 0 1 0 0 0 151907 2 37 40 2 0 0 0 0 0 0 0 0 3 0 0 8 0 1 0 0 0 0 0
213 CGA 0 0 0 0 0 0 0 0 3 0 21 0 0 0 0 0 27 0 0 0 0 0 0 0 152223 14 14 2 5 0 0 0 0 0 0 0 0 0 0 0 0 0 0 0 0 0 0 0 0 0 0 0 0 0 0 0 27 0 0 0 0 0 0 0
214 AAA 154197 4 23 0 0 0 0 0 13 0 0 0 0 0 0 2 0 0 1 2 0 0 0 0 0 1 0 2 0 0 1 2 7 0 0 0 0 0 0 0 0 0 41 0 0 0 0 0 0 0 0 0 0 0 0 0 3 0 0 0 0 1 0 0
215 ACA 3 1 0 0 155078 81 41 11 0 0 1 0 3 0 0 0 1 0 0 0 29 0 0 0 0 0 0 0 0 0 0 0 0 0 0 0 16 2 0 0 0 0 0 3 0 0 0 0 0 0 0 0 0 0 0 0 0 0 0 0 0 0 0 0
216 AGG 0 0 14 0 0 0 0 0 10 1 153047 0 0 0 12 0 0 1 0 0 0 0 0 0 0 0 3 0 0 4 0 0 0 0 0 0 4 1 0 0 0 0 24 0 0 0 0 0 0 1 0 0 0 1 0 0 0 0 2 0 0 0 0 0
217 AGT 0 0 1 63 12 9 11 2 1 5 0 146234 0 0 0 2 1 0 0 1 0 0 0 0 0 0 0 11 0 0 0 4 0 0 0 0 1 1 0 10 0 0 11 11 0 0 0 0 0 0 0 0 0 0 4 0 0 0 0 0 7 0 0 0
218 GCT 0 0 0 0 0 0 0 18 0 4 0 1 0 0 0 0 0 0 0 0 0 0 0 0 0 0 0 0 0 0 43 0 0 0 0 5 1 9 2 146815 0 0 0 0 0 0 0 5 0 0 0 0 0 0 0 1 0 0 0 0 0 0 0 0
219 TAC 0 0 0 0 0 0 0 0 0 0 0 0 0 0 0 0 0 11 0 0 2 0 0 0 0 0 0 0 0 0 0 0 0 0 0 0 0 0 2 0 0 0 0 0 0 0 0 0 0 151769 2 21 0 0 0 0 0 8 0 0 0 0 0 0
220 GAG 0 0 2 0 44 0 0 0 0 0 0 0 0 0 0 0 0 0 1 0 0 0 0 0 0 0 2 0 0 0 0 0 2 0 149817 4 0 0 0 0 0 0 10 0 0 0 2 0 0 0 2 0 0 0 0 0 0 0 0 0 2 0 0 0
221 AGA 42 0 0 0 0 0 0 0 152011 0 23 1 0 0 1 0 0 0 1 0 0 0 0 0 2 0 0 0 0 0 1 0 0 0 0 0 0 0 0 0 10 0 0 0 0 0 0 0 0 0 0 0 0 0 0 0 0 0 0 0 0 0 0 0
222 ATG 0 0 1 0 0 1 4 7 0 0 0 0 7 0 147447 1 1 0 0 0 0 0 0 0 0 0 0 0 0 0 0 0 0 0 0 0 0 0 0 9 0 0 6 0 0 0 13 0 0 0 0 0 0 0 0 0 0 0 0 6 0 0 0 0
223 TGC 0 0 0 0 0 4 0 0 0 0 0 0 0 0 0 0 0 0 0 0 0 0 0 0 0 6 0 0 0 0 0 0 0 0 0 0 0 1 0 0 0 3 0 0 0 0 0 0 0 23 0 0 0 0 0 0 4 136886 0 45 0 0 0 0
224 AAC 4 140797 0 3 0 0 0 0 0 10 0 0 0 0 0 0 0 1 0 0 0 0 0 0 0 0 0 0 0 0 0 0 0 5 0 0 0 0 0 0 0 0 0 0 0 0 0 0 0 0 0 0 0 0 0 0 0 0 0 0 0 0 0 0
225 ATT 0 0 0 0 0 0 0 14 0 0 2 1 1 12 0 156597 0 0 0 0 0 0 0 0 0 0 0 0 0 0 0 0 0 0 0 0 0 0 0 0 0 0 0 0 0 0 0 6 0 0 0 0 0 0 0 0 0 1 0 0 0 0 0 0
226 CTC 0 0 0 0 0 0 0 0 0 0 0 0 0 3 0 0 0 0 0 0 0 12 0 0 0 0 0 0 1 156616 0 3 0 0 0 0 0 0 0 0 0 0 0 0 0 0 0 0 0 0 0 0 0 0 0 0 0 0 0 0 0 0 0 0
227 AAA 156538 2 48 2 0 0 0 0 5 0 0 0 0 0 0 0 0 0 0 0 0 0 0 0 0 0 0 0 0 0 0 0 4 0 0 0 0 0 0 0 0 0 0 0 0 0 0 0 1 0 1 0 0 0 0 0 0 0 0 0 0 0 0 0
228 GGA 1 0 0 0 2 0 0 0 9 4 0 0 0 0 1 0 0 0 0 0 0 0 0 0 0 0 0 0 0 0 0 0 8 0 1 0 0 2 0 0 156536 0 27 0 5 0 6 0 0 0 0 0 0 0 12 0 2 0 0 0 1 0 0 0
229 AAA 156557 1 8 5 1 0 0 0 2 0 0 0 0 0 0 0 1 0 0 0 0 9 2 0 0 0 0 0 0 0 0 0 5 0 0 0 0 0 0 0 0 0 0 0 0 0 0 0 0 0 0 0 0 0 0 0 0 0 0 0 0 0 0 0
230 TTT 0 0 0 0 0 0 0 0 0 0 0 0 0 0 0 1 0 0 0 0 0 0 0 0 0 0 0 0 0 0 0 6 0 0 1 0 0 0 0 0 1 0 0 0 0 0 3 0 0 1 0 0 0 0 0 4 0 0 0 4 0 25 1 156585
231 CAA 0 1 0 0 0 10 0 0 0 0 0 0 0 0 3 0 156490 0 15 1 0 1 10 0 63 6 0 0 2 1 6 0 0 0 0 0 0 0 0 0 0 0 0 1 1 0 0 0 3 0 0 1 0 0 1 0 0 0 0 0 0 0 0 0
232 ACA 7 0 0 0 156580 5 10 0 7 0 0 1 10 0 0 0 0 0 0 0 2 1 0 1 4 0 0 0 0 0 0 0 0 0 0 0 5 0 1 1 0 0 0 0 0 0 0 0 0 0 0 0 5 0 0 0 0 0 0 0 0 0 0 0
233 GCT 0 0 0 16 0 0 0 11 0 0 0 0 0 0 0 0 1 0 0 0 0 1 1 23 0 0 0 0 0 0 0 0 0 0 0 10 1 16 0 156520 0 4 0 0 1 0 6 17 0 0 0 0 0 0 0 3 2 1 0 0 0 0 0 0
234 GCA 0 0 0 0 64 0 0 2 0 0 0 0 0 0 0 0 0 0 0 0 52 36 4 9 0 0 0 0 0 0 0 0 2 0 0 0 156352 1 5 0 2 0 0 0 16 0 0 0 0 0 0 0 0 0 0 0 0 0 0 1 0 9 0 0
235 CAA 1 0 0 0 0 0 0 0 0 0 0 0 0 0 0 0 156613 1 7 0 0 0 0 0 11 0 0 0 1 0 0 0 1 0 0 0 0 0 0 0 0 0 0 0 0 0 0 0 5 1 0 0 0 0 0 0 0 0 0 0 0 0 0 0
236 AGG 0 0 21 0 0 0 0 3 34 0 156492 0 1 0 6 0 0 0 0 0 0 9 0 0 43 0 1 0 0 0 0 0 0 0 0 0 0 0 0 0 0 0 33 0 0 0 0 1 0 0 0 0 0 0 0 0 0 1 0 0 0 0 0 0
237 GCA 0 0 0 1 19 2 1 0 0 0 0 5 0 0 0 0 1 0 4 0 4 0 0 1 0 0 0 0 0 0 0 0 2 0 1 0 156501 4 15 10 2 0 0 0 42 0 1 0 0 1 5 0 12 0 0 0 0 0 0 0 0 0 0 0
238 ATG 0 0 1 0 1 0 7 0 0 0 1 0 8 0 156556 3 0 0 0 0 0 0 0 0 0 0 0 0 0 0 0 1 0 0 1 0 0 0 2 0 0 0 2 1 0 7 19 0 1 1 1 4 0 0 0 0 0 0 0 1 0 0 0 0
239 ATG 0 0 0 0 1 0 24 1 0 2 0 0 29 2 156478 9 0 0 0 0 0 0 0 0 1 1 0 1 0 0 0 0 0 0 0 0 0 9 4 4 0 0 0 12 0 0 72 0 0 1 0 0 0 0 0 0 0 0 1 0 1 1 0 1
240 GAT 0 0 0 6 0 0 3 0 0 0 0 0 0 0 0 0 3 0 0 1 0 0 0 0 0 0 0 0 0 0 0 0 1 17 0 156594 0 0 0 1 0 0 0 15 0 0 0 0 0 0 0 2 0 0 0 0 0 0 0 0 0 0 0 0
241 CAA 3 0 0 0 0 0 0 0 0 1 0 6 0 0 0 0 156480 0 23 2 1 0 1 0 44 0 0 0 0 0 0 0 0 1 0 0 1 0 0 0 0 0 0 2 0 0 0 0 70 0 0 0 0 0 0 0 0 0 0 0 0 0 0 0
242 GTG 0 0 0 1 0 0 0 0 0 0 1 0 0 0 11 3 0 0 0 0 0 1 0 0 0 0 0 0 0 0 0 0 0 1 0 0 0 0 12 0 0 0 4 0 28 2 156542 11 3 0 1 0 0 0 0 0 0 0 0 0 0 0 3 0
243 AGA 12 0 4 0 1 0 0 0 156473 9 58 3 0 0 0 0 0 0 0 0 0 0 0 0 7 3 0 11 0 0 0 0 0 0 0 3 0 0 1 0 18 0 0 0 0 0 0 0 24 1 0 0 0 0 0 0 0 0 0 0 1 1 0 0
244 GAA 19 0 0 0 0 0 1 1 0 2 0 0 0 0 0 0 3 0 0 0 0 0 0 0 0 2 0 0 0 0 0 0 156610 0 8 0 2 2 0 3 5 1 0 0 3 0 0 0 2 0 2 0 0 0 0 0 2 1 0 0 0 1 0 0
245 AGT 0 0 0 8 0 0 1 0 0 13 2 156225 0 0 0 49 0 0 0 1 0 3 1 0 0 0 3 6 0 0 1 0 0 0 0 0 5 175 15 0 1 1 14 15 0 0 0 0 0 0 0 0 0 0 0 0 1 0 0 3 0 0 0 0
246 CGG 0 0 0 1 0 0 0 0 0 0 5 0 0 0 0 0 0 0 24 0 1 0 0 0 27 0 156211 6 0 0 3 0 0 0 1 0 0 0 2 112 0 0 0 1 0 9 0 0 0 0 0 0 0 0 0 0 0 0 13 0 0 0 0 0
247 AAC 4 156510 0 30 22 2 0 0 0 10 0 0 1 0 0 0 0 1 1 0 0 0 0 2 0 0 0 0 0 0 0 0 0 19 0 0 0 2 0 0 0 1 0 0 0 0 3 0 0 0 0 0 0 6 0 0 0 0 0 0 0 4 0 0
248 CCA 0 0 0 0 6 0 2 0 0 0 0 0 0 0 0 0 1 0 0 0 156575 8 24 14 0 0 0 0 1 0 0 0 0 0 0 0 0 0 0 0 7 0 0 0 0 0 0 0 0 0 0 0 3 0 1 0 0 0 0 0 0 0 0 0
249 GGA 0 0 0 0 0 0 0 0 10 0 0 0 0 0 0 0 0 0 1 0 0 0 0 0 0 0 0 0 0 0 0 0 8 0 0 0 0 0 0 0 156600 0 15 38 0 0 0 2 0 0 0 0 0 0 0 0 4 0 0 0 0 0 0 0
250 AAT 5 2 0 156593 0 0 1 2 0 1 6 3 0 0 2 4 0 0 0 0 0 0 0 0 0 0 2 4 3 0 0 0 0 0 0 5 2 0 0 0 0 0 2 0 0 2 1 0 0 0 0 0 0 1 0 0 0 1 1 1 0 0 0 0
251 GCT 0 0 0 0 0 0 0 37 0 0 0 0 0 0 0 0 0 0 0 0 0 12 0 0 0 0 0 0 0 0 0 0 0 0 0 3 2 53 8 237166 0 0 0 1 0 3 4 24 0 0 0 0 2 0 1 4 3 0 0 2 0 0 0 0
252 GAG 0 0 11 0 0 0 0 0 0 0 0 0 0 0 0 0 0 0 1 0 0 0 0 0 0 0 43 0 0 0 0 0 19 0 237213 0 0 0 0 0 0 0 31 1 0 0 7 0 0 0 0 0 0 0 0 0 0 0 0 0 0 0 0 0
253 ATC 0 0 0 0 0 15 0 0 0 0 0 0 3 237254 2 26 0 0 0 0 0 0 0 0 0 0 0 0 0 0 0 0 0 0 0 0 0 0 0 0 0 0 0 0 0 14 0 1 0 0 0 0 0 0 0 0 0 0 0 0 0 0 0 0
254 GAA 30 0 0 0 0 0 0 0 0 0 0 0 0 0 0 0 0 0 0 0 0 0 0 0 0 0 0 0 0 0 0 0 237268 5 2 3 0 0 0 0 25 0 0 0 0 0 0 0 5 0 0 0 0 0 0 0 0 0 0 0 0 0 0 0
255 GAT 0 0 0 10 0 0 0 0 0 0 0 0 0 0 0 0 0 0 0 2 0 0 0 0 0 0 0 0 0 0 0 0 0 18 0 237314 0 0 0 0 0 0 0 11 0 0 0 0 0 0 0 3 0 0 0 0 4 0 0 0 0 0 0 0
256 CTC 0 0 0 0 0 0 0 0 0 0 0 0 2 8 0 0 0 6 0 0 0 37 0 0 0 1 0 0 35 237197 0 26 0 1 0 2 0 0 0 0 0 0 0 0 0 0 0 1 0 0 6 0 0 0 0 0 0 0 0 0 0 7 13 0
257 ATC 0 0 0 0 0 15 1 0 0 9 0 0 5 237197 0 6 0 0 0 0 0 0 0 0 0 0 0 0 0 1 39 0 0 0 0 1 0 0 0 0 0 0 0 0 0 9 0 0 0 0 0 0 0 0 0 0 0 0 0 0 0 5 29 1
258 TTT 2 0 0 1 0 0 1 0 0 1 0 0 0 0 0 2 0 0 4 0 0 0 0 2 0 0 0 0 0 0 0 3 0 0 0 0 5 0 0 0 17 6 1 0 0 1 0 3 0 0 0 1 0 0 0 10 0 0 1 1 2 24 0 237275
259 CTG 1 0 0 0 0 0 0 0 0 0 0 0 0 0 7 0 0 66 23 0 0 3 9 0 1 0 4 0 171 3 236990 7 0 0 0 0 0 0 0 1 1 0 0 0 0 1 0 0 2 0 0 0 0 1 0 0 0 0 0 0 7 1 27 0
260 GCA 0 0 0 0 57 0 0 2 0 0 0 0 0 0 0 0 0 0 0 0 1 0 0 0 0 0 0 0 0 0 0 0 6 0 0 0 237064 1 47 2 9 0 0 0 36 0 0 0 1 0 0 0 2 0 2 0 0 0 1 0 0 0 0 0
261 CGG 0 0 0 0 0 0 0 0 0 0 135 0 0 0 0 0 0 0 29 0 0 0 0 0 27 0 236874 54 0 0 6 2 0 0 0 0 0 0 0 0 0 0 2 0 0 0 0 0 0 0 2 0 2 0 0 0 0 0 66 0 0 0 0 0
262 TCT 0 0 13 0 1 0 0 3 0 0 0 0 0 0 0 0 0 0 0 0 0 0 0 19 0 0 0 0 0 0 0 0 0 0 0 0 0 0 0 3 0 55 0 0 0 0 0 0 3 0 18 6 6 82 2 237049 0 0 0 0 0 0 0 2
263 GCA 1 0 0 0 80 0 0 3 0 0 0 0 59 0 0 0 0 0 0 0 0 1 0 0 0 0 0 0 0 0 0 0 3 0 0 0 237047 6 39 3 2 0 3 0 50 0 0 0 10 0 0 0 3 0 0 0 0 0 0 0 0 0 0 0
264 CTC 1 0 0 1 0 0 0 0 0 0 0 24 0 15 0 0 0 2 0 0 0 38 0 0 0 0 0 0 487 236691 1 8 0 0 0 0 0 0 1 0 0 0 0 0 0 1 0 1 0 0 0 0 0 0 0 0 7 0 0 0 0 28 0 0
265 ATA 0 0 0 0 78 14 0 0 2 4 0 0 237001 10 32 10 0 1 0 0 0 0 1 0 0 0 0 0 2 23 1 0 2 0 0 1 1 0 0 0 0 1 0 0 89 0 0 7 1 0 1 0 0 0 0 0 2 0 0 0 1 0 0 0
266 TTG 0 0 0 0 0 1 0 1 1 0 0 0 14 0 3 0 0 0 0 0 0 1 0 0 0 0 0 0 42 4 19 4 0 0 0 0 0 0 0 0 0 0 2 0 0 1 3 1 0 0 1 0 0 0 17 0 3 0 0 0 14 0 237187 0
267 AGA 27 0 26 1 1 1 0 0 237107 3 82 0 4 0 0 0 0 0 0 0 0 27 0 0 1 0 2 8 4 1 0 0 0 0 0 0 0 2 0 0 41 0 11 1 1 0 0 0 0 2 0 0 1 0 0 0 2 0 1 0 0 0 0 0
268 GGG 0 0 0 0 21 0 1 0 0 0 14 1 0 0 0 0 0 1 0 0 0 169 494 9 0 0 0 0 0 0 0 0 0 0 14 0 0 0 1 0 432 2 236116 2 0 4 0 3 1 0 0 0 0 45 3 0 0 0 4 0 0 0 0 0
269 TCA 0 0 0 0 1 2 1 0 0 10 0 0 0 0 0 0 1 2 1 0 22 4 0 0 0 3 0 0 0 0 0 0 0 0 0 0 6 2 0 4 0 0 0 0 0 0 0 0 0 0 0 0 237221 5 51 5 0 0 0 0 11 0 0 0
270 GTT 0 0 0 1 0 0 0 0 0 0 0 0 0 1 0 23 0 1 0 0 0 0 0 46 0 0 0 0 2 0 0 0 0 1 0 0 2 0 0 13 0 0 0 0 5 47 17 237168 0 0 0 11 0 0 1 0 0 0 0 0 0 0 0 5
271 GCT 0 0 5 0 0 2 0 43 0 0 0 0 0 0 0 0 0 1 0 0 1 1 2 0 0 1 1 0 0 0 0 0 0 0 0 7 16 40 5 237150 3 1 0 2 0 0 0 40 0 0 11 0 0 2 0 4 0 0 0 0 0 0 0 0
272 CAC 8 6 0 0 0 0 0 0 0 0 22 2 0 0 0 0 2 237216 0 34 0 2 2 0 12 8 0 0 3 6 6 0 0 1 0 0 0 0 0 0 0 0 0 0 0 0 0 1 0 8 2 0 4 0 1 0 1 0 0 0 0 0 0 0
273 AAA 237087 2 49 49 2 0 1 0 6 0 0 0 0 1 0 1 2 25 0 0 0 0 0 0 0 0 0 0 0 0 0 3 15 0 0 0 0 0 0 17 1 0 4 2 0 0 4 0 2 0 0 22 0 0 0 0 12 0 26 0 0 0 0 2
274 TCT 1 1 0 0 2 2 27 2 0 19 0 72 2 2 0 0 0 0 0 2 0 16 0 7 0 0 0 0 0 0 0 0 0 0 0 0 1 0 1 1 0 1 0 0 0 0 0 0 3 0 0 5 16 145 3 237030 0 0 4 3 0 0 0 12
275 TGT 2 1 0 0 1 3 0 0 0 2 1 3 0 0 0 0 0 0 0 0 0 0 0 0 0 1 0 29 0 0 0 0 1 2 5 0 0 2 1 0 0 0 0 0 1 1 0 0 2 0 0 7 2 0 0 2 2 28 0 237247 0 0 0 2
276 CTG 0 0 0 0 0 0 0 0 0 0 1 0 1 0 5 0 0 0 3 0 0 0 6 1 0 1 0 0 155 10 237063 35 0 0 0 0 0 1 0 0 0 1 0 0 0 0 0 0 0 0 0 2 0 1 0 0 0 0 0 0 0 0 45 0
277 CCC 0 0 0 0 0 4 0 0 1 0 1 0 0 0 0 0 0 3 0 0 14 237187 0 38 0 1 0 0 0 8 0 0 0 0 1 1 0 4 0 0 1 0 0 0 0 0 1 0 0 0 0 0 0 69 0 0 0 0 0 0 1 0 0 0
278 GCC 0 0 0 0 0 42 0 0 0 0 0 0 0 1 0 0 0 0 0 0 0 0 1 0 0 1 1 0 0 0 0 0 0 2 110 0 71 236727 12 16 0 0 1 0 0 75 0 0 0 0 0 0 0 7 0 0 0 0 0 0 0 0 0 0
279 TGT 0 0 0 0 0 0 0 0 0 0 0 14 0 0 0 0 0 0 0 0 1 0 0 0 0 1 0 135 0 0 0 0 0 1 0 0 1 1 0 0 0 0 0 24 0 0 0 1 8 0 0 31 0 0 0 4 1 92 1 237005 0 0 0 6
280 GTG 0 0 0 0 0 0 0 0 0 0 0 0 2 113 21 9 0 2 0 0 0 0 0 39 0 4 0 0 0 1 0 0 0 0 2 0 0 0 14 0 0 0 1 0 63 74 236970 28 0 0 0 0 5 2 0 0 0 3 0 1 0 0 1 0
281 TAT 0 2 2 1 0 0 1 0 0 0 1 0 0 0 1 0 0 0 0 59 0 0 0 0 0 0 0 0 0 0 0 0 4 0 0 3 0 0 0 0 0 0 16 0 0 0 15 0 0 16 5 237207 0 0 0 3 5 0 0 10 0 0 1 2
282 GGA 0 0 0 0 0 0 0 0 16 0 0 0 0 5 0 0 0 0 0 0 0 0 0 0 1 0 0 0 0 0 0 0 17 0 0 0 1 0 3 19 237109 2 95 62 4 0 0 0 5 0 0 0 0 1 0 1 4 0 9 0 0 0 0 0
283 CCT 0 19 0 18 79 120 70 301 0 794 8 142 10 1 477 0 214 2 96 180 21 70 10 213307 2 4 106 58 1 0 791 407 0 2 8 1 2052 2546 2533 6082 214 1563 1820 423 1 3 23 16 0 59 1 2 167 326 472 402 0 60 771 368 0 0 0 16
284 GCC 0 0 0 0 0 57 1 0 0 0 0 0 0 0 0 0 0 0 0 0 0 0 0 0 0 0 0 0 0 0 1 0 0 1 0 0 9 237112 0 74 0 0 0 0 1 33 0 0 0 0 0 0 0 1 0 0 0 0 0 0 0 0 0 1
285 GTA 0 0 0 0 0 1 0 0 0 1 0 0 38 0 0 0 0 0 0 0 2 1 0 1 0 1 0 0 0 0 0 0 0 1 0 0 15 0 0 0 1 0 0 0 236996 0 35 2 0 1 0 0 0 0 0 1 0 0 0 0 1 1 0 0
286 GCC 0 0 0 0 0 17 0 0 0 0 0 0 0 0 4 0 0 0 0 0 0 0 1 0 0 0 0 0 0 0 1 1 0 3 0 0 3 237221 0 5 0 1 0 0 0 12 0 0 0 0 0 0 58 6 0 0 1 0 0 0 0 0 0 0
287 AGT 0 0 0 30 0 0 0 17 3 17 9 237155 0 0 0 7 0 0 0 0 0 0 0 0 0 0 0 21 0 0 0 0 0 0 0 0 0 0 0 0 0 0 0 18 0 0 0 0 0 0 0 0 0 0 0 0 0 0 0 4 0 0 0 0
288 GGC 0 0 0 0 0 0 0 0 0 9 0 0 0 0 0 0 0 0 0 0 0 0 0 0 0 1 0 0 0 0 0 0 0 9 0 0 0 0 0 0 29 237262 0 23 1 1 0 0 0 0 0 0 0 0 0 0 0 1 0 0 0 0 0 0
289 TAC 0 7 58 0 0 2 7 0 0 1 0 0 0 0 0 0 0 625 0 0 0 0 1 0 26 40 0 0 4 0 0 0 1 0 0 0 10 1 0 0 1 6 0 0 0 1 0 0 1 236163 1 279 0 1 10 0 0 50 0 0 0 0 3 0
290 GAC 0 38 0 0 0 0 0 0 1 0 0 0 0 0 0 0 0 0 1 0 0 0 0 0 0 4 1 0 0 0 0 0 3 237179 2 17 0 0 0 0 0 9 4 0 0 0 0 0 0 1 0 0 0 0 0 0 0 0 0 0 0 0 0 0
291 TTC 0 0 0 0 0 0 0 0 0 0 0 0 0 1 0 0 0 0 0 0 0 0 0 0 0 0 0 0 0 9 0 0 0 0 0 0 0 0 0 0 0 3 1 0 0 4 0 0 0 2 0 0 0 16 0 0 0 0 0 0 5 237194 0 14
292 GAA 27 0 0 0 16 1 0 0 2 0 0 0 0 0 0 0 0 1 0 0 0 0 0 0 0 0 0 0 0 0 18 0 236605 2 13 1 4 2 0 6 18 0 2 0 0 4 0 11 2 0 0 0 0 0 0 7 0 5 0 0 0 0 0 0
293 AAA 236416 3 491 0 0 0 11 0 27 0 0 0 0 0 0 0 0 1 0 0 1 0 0 0 0 0 0 4 0 0 0 0 5 0 0 0 0 0 0 0 0 0 0 0 0 0 0 0 0 0 0 0 0 0 0 0 0 0 0 1 0 0 0 0
294 GAG 0 7 72 0 0 0 7 0 2 0 0 0 87 0 4 0 5 282 0 1 0 0 0 0 0 0 0 0 1 31 0 17 9 0 235721 8 0 0 18 0 0 0 101 0 0 0 2 0 0 0 0 0 8 3 15 3 0 0 0 4 0 0 0 1
295 GGA 0 0 0 0 0 0 0 0 6 0 0 0 0 0 0 0 0 0 0 0 0 0 0 0 0 0 0 0 0 0 0 0 15 0 0 0 0 0 0 0 226127 2 35 0 1 0 0 0 0 0 0 0 0 1 0 0 6 0 0 0 0 0 0 0
296 TAC 0 0 0 0 0 0 0 0 0 0 0 0 0 1 0 0 0 10 0 1 0 0 0 0 0 0 0 0 0 0 0 0 0 0 0 0 0 0 0 0 0 0 0 0 0 0 0 0 1 232836 0 7 0 0 0 0 0 18 0 0 0 0 0 0
297 TCT 0 0 0 0 0 0 0 1 0 0 0 15 0 0 0 0 0 0 0 0 0 0 0 7 0 0 0 0 0 0 0 0 0 0 0 4 0 0 0 0 0 0 0 1 0 0 0 0 0 0 0 2 0 18 18 220395 0 0 0 2 0 0 0 0
298 TTA 0 0 0 0 0 0 0 21 0 0 0 0 0 0 0 0 0 1 0 0 0 0 0 0 0 0 0 0 5 1 0 0 0 0 0 0 0 0 0 0 0 0 0 0 1 1 0 0 9 0 0 0 12 0 0 0 1 0 0 0 231194 0 22 1
299 GTG 0 0 0 0 0 0 0 2 0 0 0 0 0 0 11 0 0 0 4 0 0 0 0 0 3 0 0 0 0 0 0 0 0 0 0 0 0 0 6 0 0 0 1 1 15 0 232086 10 0 0 0 1 0 0 0 0 0 0 0 0 0 9 1 0
300 GGA 0 0 0 0 0 0 0 0 9 0 0 22 0 0 0 0 0 0 0 0 0 0 0 0 1 0 17 0 0 0 0 0 13 0 0 0 0 0 0 0 227857 1 39 51 0 0 0 0 0 0 0 0 0 0 0 0 0 0 0 0 1 0 0 0
301 ATA 1 0 0 0 13 0 0 1 1 0 33 0 230474 1 40 12 0 1 0 0 0 0 0 0 0 0 0 4 2 0 0 0 0 0 0 0 0 0 0 0 0 0 0 0 19 16 11 0 1 0 0 0 0 0 0 0 0 0 0 0 0 0 0 0
302 GAC 0 16 0 0 0 0 0 0 0 0 0 0 0 1 0 0 9 0 0 0 0 4 0 0 0 0 0 0 0 0 0 0 3 227503 3 2 3 0 1 0 1 17 0 0 0 14 0 0 0 2 0 0 0 0 0 0 0 0 0 0 0 0 0 0
303 CCT 0 0 0 0 0 0 0 2 0 0 1 0 0 0 0 0 0 0 0 7 7 54 4 230736 0 0 0 0 0 0 0 7 0 0 0 0 0 0 0 0 0 0 0 0 0 0 0 0 0 0 0 0 0 0 0 11 0 0 0 0 0 0 1 0
304 TTC 0 0 1 0 0 0 1 0 0 10 0 0 3 0 0 1 0 0 0 0 0 1 0 0 0 0 0 0 0 10 0 0 0 0 2 0 9 1 18 0 0 0 60 0 19 2 0 1 3 1 0 1 0 23 0 0 0 1 0 0 0 230707 0 9
305 AAA 231626 2 17 2 1 0 0 0 28 0 0 0 0 0 0 2 0 0 0 1 1 0 0 0 0 0 0 0 0 0 0 0 7 0 1 0 0 0 2 0 0 0 1 0 0 0 6 0 2 0 0 0 7 1 0 0 1 30 0 0 0 2 0 0
306 CTG 0 0 0 0 0 0 0 0 0 0 0 0 1 0 9 0 0 0 0 0 4 0 6 0 2 0 1 2 74 0 221587 2 0 0 0 2 0 0 0 0 0 0 3 0 0 0 1 0 1 0 0 0 1 0 1 0 0 0 0 0 0 1 54 0
307 CTT 0 0 0 0 1 0 0 0 0 0 0 0 0 0 0 3 0 0 0 4 0 7 0 20 0 0 0 3 50 397 2 226737 0 0 0 0 0 0 0 0 0 0 4 0 0 1 0 1 0 0 0 0 0 0 0 0 0 0 0 0 0 0 5 8
308 CAA 5 18 0 0 0 0 0 0 0 0 0 0 0 0 1 0 237019 8 11 1 16 8 0 0 9 0 1 1 0 0 0 0 1 0 0 0 0 0 0 0 0 0 0 0 0 0 2 0 15 0 0 0 0 0 0 0 0 7 0 0 0 0 1 0
309 AAC 6 237026 12 23 0 20 1 0 0 51 28 0 0 0 0 0 0 3 2 0 0 0 0 0 13 0 50 0 0 0 1 0 0 12 1 0 0 0 2 0 1 0 4 29 0 1 0 0 0 1 0 0 1 0 1 20 0 0 2 0 0 0 0 1
310 AGC 0 35 0 0 1 0 9 0 1 236763 2 25 0 4 0 0 2 0 0 0 0 0 12 0 3 0 0 0 0 1 0 0 0 0 0 0 7 164 26 1 0 18 93 0 4 0 2 0 0 0 0 0 8 2 15 10 0 102 1 12 0 1 0 0
311 CAA 1 18 6 0 17 1 10 568 45 30 8 0 1 0 0 1 236388 0 28 3 0 0 0 0 185 1 0 0 0 0 0 0 0 0 0 0 0 0 0 0 0 0 1 0 0 0 12 2 4 0 0 0 1 0 0 0 0 0 0 0 0 0 0 0
312 GTA 0 1 0 0 0 0 0 0 0 0 0 0 14 0 0 0 0 0 0 0 2 0 1 0 0 0 0 0 0 0 8 0 0 0 2 0 19 0 0 0 3 0 1 0 237214 28 18 1 0 0 2 0 0 0 0 0 0 0 0 4 2 0 0 0
313 TAC 0 2 0 0 0 3 0 0 0 0 0 0 0 0 1 0 0 19 0 0 0 0 1 0 0 1 1 2 0 0 0 0 0 1 0 0 0 0 0 0 0 0 0 0 0 0 0 0 2 237061 1 126 2 0 0 1 0 24 3 0 0 1 0 0
314 AGC 0 13 0 0 1 0 0 0 3 237004 7 21 0 3 2 0 0 0 0 0 0 0 0 0 0 10 0 0 0 0 0 0 0 0 0 0 0 0 0 0 2 46 0 0 0 0 0 0 0 0 0 0 0 0 3 3 0 99 0 69 0 0 0 0
315 CTA 0 0 0 0 1 0 0 0 0 0 0 0 1 0 0 1 11 0 0 5 42 8 0 0 1 0 0 0 237104 8 45 6 1 0 2 0 0 0 0 0 0 0 0 0 1 0 0 0 0 0 0 0 0 3 0 0 1 0 0 0 44 0 1 0
316 ATC 2 0 0 0 0 12 0 0 0 1 26 0 5 236915 2 36 0 0 2 0 0 0 0 0 0 0 0 0 237 2 0 0 1 0 0 0 0 0 0 0 0 0 0 0 0 4 0 1 0 0 1 1 0 0 21 6 0 0 0 0 2 0 5 0
317 AGA 19 0 0 0 0 0 0 0 237128 0 49 0 6 0 0 0 1 0 0 0 0 0 0 0 4 0 0 0 0 0 0 0 0 0 2 0 0 0 29 0 56 0 0 0 0 0 2 0 0 0 0 0 0 0 0 0 1 1 0 0 0 1 0 2
318 CCG 0 0 0 0 0 0 8 0 1 0 0 0 1 0 1 0 0 0 3 0 83 67 236948 2 1 1 2 0 0 0 11 0 0 0 5 0 0 0 1 0 2 0 3 1 6 0 2 0 0 0 0 0 2 0 8 0 0 0 0 0 0 0 0 0
319 AAC 6 236469 12 63 0 1 0 0 3 4 0 0 0 0 2 0 1 0 0 0 0 0 0 0 18 0 0 12 0 0 0 0 0 12 2 1 2 0 0 0 143 11 177 298 0 0 0 0 0 0 0 0 0 0 0 0 4 0 0 0 3 2 6 0
320 GAG 0 0 9 0 0 0 0 0 0 0 0 0 0 0 0 0 0 0 0 0 0 0 0 0 0 0 0 0 0 0 0 0 47 0 237166 0 0 4 11 0 0 0 17 0 0 0 2 0 0 0 0 0 0 0 0 0 0 0 0 0 0 0 0 0
321 AAT 0 9 1 237196 0 0 24 1 0 0 4 47 0 1 1 3 0 0 0 2 0 0 1 0 0 0 7 0 0 0 0 0 0 0 1 9 2 0 0 0 0 1 4 3 0 1 0 0 0 0 0 1 0 0 0 0 0 1 0 0 1 0 0 0
322 CCA 0 7 0 0 2 0 2 0 0 0 1 0 2 2 0 0 0 0 0 0 237094 27 155 4 1 0 0 0 21 0 1 0 0 0 0 0 1 1 0 0 0 0 0 0 0 0 0 0 0 1 1 0 6 0 0 0 0 0 0 0 0 0 0 0
323 GCA 0 2 0 1 25 0 1 0 1 2 2 61 8 1 0 0 0 0 11 0 1 0 2 0 0 17 2 2 0 6 7 2 3 0 0 0 237101 4 8 1 0 0 0 0 41 1 1 0 0 0 0 0 3 0 0 0 0 0 0 0 0 0 1 0
324 CAC 0 6 0 1 1 2 0 0 0 0 0 0 1 0 0 0 3 237257 0 15 0 1 0 0 0 6 0 0 0 0 0 0 0 0 0 0 0 0 0 0 0 0 1 0 0 0 0 0 0 13 0 0 0 0 0 0 0 0 0 0 0 0 0 0
325 AAG 24 0 237204 3 0 0 1 0 0 0 34 0 0 0 6 0 0 0 2 3 0 0 0 1 0 0 0 0 0 0 0 0 0 0 48 0 0 0 2 0 0 0 0 0 0 0 0 0 0 0 1 0 0 0 0 0 0 0 0 0 0 0 0 0
326 AGT 0 0 0 23 0 0 0 0 3 21 2 237289 0 0 0 0 0 0 0 0 0 0 0 0 0 0 0 0 0 0 0 0 0 0 0 0 0 0 0 0 0 0 0 7 0 0 0 0 0 0 0 0 0 0 0 0 0 0 0 0 0 0 0 0
327 CAG 0 0 1 0 0 0 0 0 0 0 0 0 0 0 0 0 15 0 237246 0 0 0 4 0 1 0 35 0 0 0 1 0 0 0 2 0 0 0 0 0 0 0 0 0 0 0 0 0 0 0 9 0 0 0 0 0 0 0 0 0 0 0 0 0
328 CTG 0 0 0 0 0 3 1 0 1 0 0 1 0 0 6 0 0 0 0 0 0 0 11 0 0 0 4 1 111 1 237032 2 24 0 0 12 0 1 0 0 0 0 0 0 0 7 7 0 1 0 0 0 0 0 0 0 0 0 0 0 6 0 104 0
329 GTG 0 0 0 1 0 0 3 0 0 0 0 0 0 0 14 1 0 0 7 0 0 0 2 0 0 0 0 0 0 0 1 0 0 1 2 0 0 0 18 0 0 1 2 2 27 14 237063 194 0 0 0 0 0 0 0 1 1 1 0 1 3 0 0 0
330 TGG 0 0 0 1 0 0 1 0 0 0 0 0 0 0 0 0 0 0 0 0 0 0 0 0 0 0 9 0 0 0 0 0 1 0 0 0 0 0 0 0 0 1 3 0 0 0 0 0 0 0 19 0 0 0 0 1 13 0 237287 2 0 0 6 4
331 ATG 0 0 1 3 0 0 9 0 0 0 9 0 21 0 237224 9 0 0 0 0 0 0 0 0 0 0 0 0 0 0 4 0 0 0 0 0 0 0 0 0 0 0 0 0 0 0 29 1 0 0 1 0 0 0 0 0 0 0 1 0 1 0 0 0
332 GCA 0 0 0 0 40 1 1 0 0 0 0 0 0 0 0 0 0 0 0 0 0 0 0 0 0 0 0 3 0 0 0 1 3 0 0 0 236973 2 14 54 6 0 0 2 40 2 0 0 3 0 0 0 0 2 0 0 0 0 0 0 1 7 0 0
333 TGC 0 0 0 0 0 0 1 0 0 0 0 1 1 2 1 0 0 0 1 0 0 0 0 12 0 53 0 0 0 2 0 0 0 0 0 0 0 0 0 0 0 3 0 0 0 0 0 1 1 57 1 0 0 0 0 0 3 236914 1 247 0 5 0 0
334 AAT 0 11 1 236302 0 0 0 0 0 0 0 7 0 0 790 2 3 1 1 80 0 0 0 0 1 0 0 0 0 0 20 0 0 0 0 16 0 0 1 1 0 0 37 0 0 0 0 0 0 8 23 5 0 0 0 3 0 0 1 0 4 7 5 16
335 TCT 0 0 1 0 0 0 0 2 0 0 0 0 0 0 23 0 0 0 0 0 0 0 0 14 0 0 0 0 0 0 0 0 0 1 0 0 84 2 1 2 2 0 2 17 0 0 0 0 3 0 0 1 36 22 6 265639 0 61 0 0 0 0 3 12
336 GCT 0 0 0 10 0 0 0 92 1 1 0 1 0 0 0 0 0 0 0 0 0 0 0 0 0 0 1 0 2 8 42 1 0 0 0 6 14 112 24 265198 1 4 2 0 0 0 0 25 0 0 0 0 0 0 4 4 0 0 0 0 144 0 130 0
337 GCA 0 0 0 0 26 0 0 0 0 0 0 2 0 0 0 0 0 0 0 0 107 0 0 0 0 0 0 0 1 0 0 0 2 1 0 0 265605 1 7 3 0 0 0 0 21 0 0 0 0 0 0 0 3 0 0 1 0 0 0 4 1 0 0 0
338 TTT 0 0 0 0 0 0 0 0 11 0 0 0 0 0 0 2 0 0 0 0 0 0 0 0 0 0 0 0 0 0 0 10 1 0 0 0 0 0 0 1 0 0 0 1 0 1 1 148 0 0 0 2 0 0 0 9 0 0 0 1 1 77 0 265544
339 GAA 8 0 0 0 0 0 0 0 0 0 0 0 0 0 0 0 0 0 0 0 0 2 0 0 0 0 0 0 0 0 0 0 265374 9 100 334 1 0 0 0 39 0 0 0 0 0 0 0 4 0 0 0 0 0 0 0 1 0 0 0 0 0 0 0
340 GAT 0 0 0 29 1 0 0 0 0 0 0 0 0 0 0 0 0 0 0 0 0 0 0 0 0 0 0 0 0 1 0 0 0 8 0 265873 0 0 0 0 0 0 0 16 0 1 0 0 0 0 0 7 0 0 0 0 0 0 2 1 0 0 0 0
341 CTA 0 0 0 0 0 0 0 0 1 0 0 0 3 3 0 1 1 0 0 0 30 0 8 0 1 0 0 0 265732 8 43 0 0 96 0 0 0 0 0 0 0 0 0 0 7 0 0 0 0 0 0 0 0 0 0 0 0 0 0 0 2 0 0 0
342 AGA 9 0 0 0 0 0 0 0 265705 1 47 0 2 0 0 0 0 0 0 0 0 0 0 0 1 4 0 0 0 0 0 0 0 0 0 0 0 0 0 3 17 0 2 0 0 0 0 0 0 0 0 0 0 0 0 2 1 0 0 0 0 0 0 0
343 GTA 0 0 0 0 0 0 0 0 0 0 0 0 124 0 0 1 0 0 0 0 2 0 0 1 0 0 0 0 1 0 0 0 0 0 0 0 20 0 0 0 0 0 20 1 265728 0 17 7 0 0 0 0 0 1 0 0 0 1 0 0 3 0 0 0
344 TTA 0 0 0 0 3 0 0 1 0 0 0 0 0 3 0 0 0 1 0 0 10 0 0 0 0 1 0 0 6 1 0 2 0 0 0 0 0 0 0 0 0 0 2 0 0 0 0 0 0 0 0 0 14 0 0 0 1 0 0 0 265772 0 90 0
345 AGC 0 21 0 0 10 15 1 1 5 265555 0 42 1 0 0 0 0 0 0 0 0 0 0 0 0 1 0 0 0 0 0 0 0 1 1 0 0 0 0 0 1 12 0 0 0 0 4 0 0 0 0 0 21 20 18 0 0 4 0 0 0 0 0 0
346 TTC 0 0 0 0 0 0 0 0 0 0 0 0 1 1 0 1 0 0 0 0 0 0 0 0 0 0 0 6 0 3 0 0 0 0 1 0 0 1 0 0 0 0 0 1 0 4 0 0 0 1 0 0 0 12 0 0 0 0 0 0 2 265467 0 174
347 ATC 0 1 0 0 0 15 0 0 0 3 0 0 0 264210 3 12 0 0 0 0 0 0 0 0 0 0 0 0 0 26 0 0 0 1 0 0 0 0 0 1 0 0 0 0 0 1105 0 0 0 0 0 0 0 0 0 0 0 0 294 0 0 4 0 0
348 AGA 17 0 0 0 0 0 0 0 265708 3 91 2 2 0 1 0 0 0 0 0 0 0 0 0 5 0 5 3 0 3 0 0 0 0 0 0 0 0 0 0 32 0 1 0 0 1 1 0 0 0 0 0 0 0 0 0 0 0 0 0 0 0 0 0
349 GGG 0 0 0 0 0 0 0 0 0 0 19 0 0 0 0 0 0 0 0 0 0 0 0 0 0 0 0 0 0 1 0 0 0 0 9 0 0 0 0 0 119 4 265670 0 0 0 3 0 0 0 1 0 0 0 0 0 0 0 8 0 0 0 0 0
350 ACC 0 5 0 0 14 265498 3 4 2 6 0 5 0 4 32 0 0 1 0 0 0 1 11 0 4 0 1 6 0 0 0 1 0 0 0 0 4 52 5 0 0 0 1 0 0 0 4 0 0 0 0 0 1 0 0 0 0 0 1 0 0 2 0 0
351 AAA 265686 18 51 8 3 0 0 0 27 0 0 0 1 0 0 0 1 3 0 0 0 0 0 0 0 0 0 0 0 0 0 0 25 0 0 0 0 0 0 0 0 0 0 0 0 0 0 0 2 0 0 0 0 0 0 0 0 1 0 0 0 0 0 0
352 GTA 0 0 0 0 1 0 0 0 0 1 0 0 22 0 0 0 0 0 0 0 0 0 0 0 0 0 0 0 1 0 0 0 1 0 0 0 27 0 0 0 0 6 0 0 265829 5 44 0 0 0 0 0 0 0 0 0 0 0 0 0 2 0 3 0
353 TCC 0 0 0 96 0 1 0 0 0 0 47 0 0 0 0 3 0 301 0 1029 0 168 0 1 924 0 1 0 0 1107 0 39144 0 0 0 0 0 1 0 0 0 0 0 0 0 0 0 0 0 23 0 0 4 220575 2 9 0 0 0 7 1224 1176 0 12
354 CCA 0 0 0 0 3 0 0 0 1 0 0 0 0 0 0 0 0 0 0 0 265836 1 30 0 2 0 0 0 3 0 0 0 0 0 0 0 4 0 0 0 0 1 0 0 0 0 0 1 0 0 0 0 2 0 0 0 0 0 0 1 0 0 0 0
355 AGG 0 0 23 0 0 0 1 0 56 0 265748 2 0 0 17 0 0 0 0 0 0 0 0 0 0 0 1 0 0 0 0 0 0 0 0 0 0 0 0 0 0 0 27 0 0 0 0 0 0 0 0 0 0 0 0 0 0 0 1 0 0 0 0 0
356 GGG 0 0 0 0 0 0 0 0 0 0 10 0 0 0 0 0 0 0 0 0 0 0 0 0 0 0 0 0 0 0 0 0 0 0 19 4 0 0 0 0 31 0 264571 0 0 0 1 0 0 0 0 0 0 0 0 0 0 0 1 0 0 0 0 0
357 AAA 265377 7 22 0 3 1 0 0 27 0 2 0 0 0 0 0 0 0 0 0 0 0 0 0 0 0 0 0 0 0 0 0 51 0 1 0 0 0 1 0 0 0 0 0 0 0 0 0 1 0 0 0 0 0 0 0 0 0 0 0 0 0 0 0
358 CTT 0 0 0 0 0 0 0 2 0 0 3 0 0 0 0 3 0 0 0 2 0 0 0 5 0 0 0 0 1 13 2 265833 0 0 0 0 0 0 0 0 0 0 0 0 0 0 0 1 0 0 0 0 0 0 0 0 0 0 0 0 0 0 0 8
359 TCC 10 2 0 0 0 4 0 0 0 18 94 0 3 4 0 0 3 0 1 0 0 25 0 0 0 38 574 19 0 0 0 6 1 0 7 0 0 1 0 0 0 0 0 0 1 0 0 1 0 0 0 0 3 264998 64 11 0 5 0 0 4 9 18 0
360 ACT 0 0 0 1 3 34 0 265875 0 0 0 1 0 0 0 5 0 0 0 0 0 0 0 0 0 0 0 0 0 0 0 0 0 0 0 1 0 0 0 11 0 0 0 0 0 0 0 0 0 0 0 0 4 0 0 0 0 0 0 0 0 0 0 0
361 AGA 17 0 3 0 0 0 1 0 265871 1 19 2 3 0 0 0 0 0 0 0 0 0 0 0 2 2 1 7 0 0 0 0 0 0 0 0 0 0 0 0 8 0 1 0 0 0 0 0 0 0 0 0 0 0 0 0 0 0 0 0 0 0 1 1
362 GGA 0 0 0 0 0 0 0 0 10 0 0 0 0 0 0 0 0 0 0 0 0 0 2 0 0 0 0 0 0 0 0 0 7 0 0 0 0 0 2 0 265830 4 59 2 1 0 0 0 0 0 0 0 0 0 0 0 10 0 0 0 0 0 0 0
363 GTA 0 0 0 0 0 0 0 0 0 0 0 1 25 1 0 1 0 0 0 0 2 0 0 0 0 0 2 0 1 0 0 0 1 0 1 0 31 0 3 0 2 0 0 0 265688 5 50 0 0 0 0 0 0 0 0 0 0 0 0 5 87 1 4 0
364 CAA 3 1 0 0 0 0 0 0 0 0 0 0 0 0 0 3 265832 1 45 0 2 0 1 0 21 0 0 1 1 4 0 0 0 0 0 0 0 0 0 0 1 0 3 0 0 0 0 4 6 0 0 0 0 2 0 0 0 0 0 0 0 0 5 1
365 ATT 0 0 0 3 0 0 0 7 0 0 0 0 4 8 0 265934 0 0 0 0 1 0 0 1 0 0 0 1 0 0 1 2 0 0 0 0 0 0 0 0 1 1 0 0 0 0 0 4 0 0 0 0 0 0 0 0 0 0 0 0 0 0 0 0
366 GCT 0 0 0 0 0 0 0 35 0 1 0 0 0 0 0 0 0 0 0 0 0 0 0 0 0 0 0 0 0 0 0 0 0 0 0 12 2 11 4 265822 0 0 0 0 0 0 0 9 0 0 0 0 0 0 0 5 0 0 1 0 0 0 0 0
367 TCA 0 14 0 0 1 1 2 0 0 5 0 0 0 1 0 0 0 0 0 0 17 0 0 0 0 0 0 0 0 0 0 0 0 0 0 0 3 1 2 0 0 27 3 1 0 0 0 2 3 0 0 0 265780 1 15 1 0 0 5 0 9 0 0 0
368 AAT 2 14 0 265713 0 1 8 3 0 0 0 49 0 0 1 6 2 55 0 3 0 0 0 0 0 0 0 8 0 0 0 0 1 0 4 17 0 0 0 22 4 1 7 0 0 1 0 0 0 0 0 3 1 1 0 0 0 0 0 0 0 0 1 0
369 GAA 16 0 0 9 0 0 0 0 0 0 0 0 0 0 0 2 0 0 0 0 0 0 0 0 0 0 0 0 0 0 0 0 265900 2 8 1 0 0 0 1 20 0 0 2 0 0 0 0 2 0 0 0 0 0 0 0 0 0 0 0 0 0 0 0
370 AAC 4 265804 0 3 0 14 0 0 0 15 0 0 0 0 0 0 0 2 0 0 0 0 0 0 0 0 0 0 0 0 1 0 0 10 39 0 0 0 0 0 3 0 0 0 0 3 0 3 0 3 0 0 0 0 0 0 0 0 1 0 2 0 1 0
371 ATG 0 0 0 0 0 0 8 0 0 0 2 0 44 0 265728 43 0 0 0 0 0 0 0 0 0 1 4 0 1 10 3 0 0 1 0 7 0 0 0 0 0 0 0 1 0 0 32 0 0 0 0 2 0 0 0 0 0 0 0 1 1 0 14 0
372 GAT 0 0 0 18 0 0 2 0 0 0 0 0 0 0 0 0 0 0 0 0 0 0 0 0 0 0 0 0 0 0 0 0 1 6 1 265630 0 0 0 1 0 2 0 26 2 0 0 0 0 0 0 0 0 0 0 0 0 0 1 0 0 0 0 0
373 GCT 0 0 0 0 0 0 0 45 0 0 0 0 0 0 0 0 1 0 0 0 0 0 0 11 0 0 12 9 0 0 1 0 6 0 2 8 3 60 14 265676 20 0 0 0 1 0 4 12 0 0 0 0 0 0 0 2 0 0 0 3 0 0 5 0
374 ATG 0 1 1 0 0 0 14 0 0 0 0 0 48 0 265771 2 0 0 0 0 2 0 0 0 0 6 0 0 0 0 9 0 0 0 0 0 0 0 0 0 0 0 0 0 0 0 18 0 0 2 0 0 0 1 0 0 0 0 0 0 0 7 4 4
375 GAA 10 1 0 0 0 1 1 0 0 0 0 0 0 0 9 0 93 0 2 0 0 0 0 0 0 0 0 0 0 0 0 0 264943 39 36 1 2 0 2 0 27 0 3 0 1 0 38 0 2 0 0 0 5 0 0 0 0 0 0 0 0 0 0 2
376 TCA 0 0 0 0 0 0 0 0 0 0 1 0 0 0 1 0 0 0 0 0 13 0 0 0 0 0 0 0 0 0 0 0 0 0 1 0 0 2 0 0 0 0 2 0 0 0 0 0 3 0 0 1 248838 0 47 0 2 0 0 0 1 0 0 0
377 AGT 0 2 4 35 0 0 0 2 1 32 3 264264 5 4 87 5 0 2 0 0 0 0 0 0 0 2 10 4 4 2 9 0 0 0 0 0 0 0 22 2 0 0 1 18 0 0 17 0 0 1 0 0 0 0 39 18 0 0 1 41 0 0 0 4
378 ACT 2 0 0 7 57 37 0 249834 0 1 8 9 0 0 0 15 0 0 0 0 0 3 0 0 0 103 1 10 0 0 0 0 0 0 0 0 0 0 0 18 0 0 0 1 0 0 0 0 0 1 0 0 2 0 0 0 0 0 1 0 0 0 0 6
379 CTT 0 0 0 0 0 0 0 0 0 0 0 0 0 0 0 7 0 0 0 3 0 1 0 36 0 1 0 2 4 117 0 255481 0 0 0 0 0 0 0 0 0 0 0 0 0 0 0 0 0 0 0 0 0 0 0 0 18 0 0 0 0 0 0 5
380 GAA 12 1 0 1 0 0 0 0 0 0 0 0 0 0 0 2 0 0 0 0 0 0 0 0 0 0 0 0 0 0 0 0 264643 4 15 0 3 0 27 0 10 0 3 2 1 0 2 0 2 0 0 0 0 0 0 3 0 2 0 0 0 0 2 0
381 CTG 0 0 0 0 0 0 0 0 0 0 0 0 0 0 5 0 0 0 4 0 0 0 29 0 0 69 2 0 25 2 263704 2 0 0 0 0 0 0 0 0 7 1 1 0 0 3 6 0 0 1 0 0 0 0 0 0 0 0 0 0 113 0 12 0
382 AGA 25 0 0 0 0 0 1 1 263819 1 535 0 4 0 0 0 1 0 0 0 0 0 3 0 3 7 0 0 0 0 0 0 1 0 0 0 0 0 0 0 32 0 0 0 0 0 0 0 0 0 19 0 0 0 0 1 4 0 0 1 0 0 0 0
383 AGC 0 23 0 0 0 0 0 1 7 262188 2 70 0 2 0 0 4 0 0 0 0 0 0 0 0 2 0 0 0 0 0 0 0 1 1 0 2 0 64 22 0 7 0 0 0 1 1 0 0 0 0 1 0 1 1 0 2 1 0 0 0 1 0 0
384 AGG 4 0 10 0 0 0 1 0 47 7 262324 1 0 0 1 0 0 0 0 3 0 0 0 0 2 1 122 23 0 3 0 0 0 0 1 0 0 0 0 0 0 1 81 0 0 0 4 1 0 1 0 0 0 0 0 1 0 0 4 0 0 0 1 0
385 TAC 0 0 0 0 0 0 0 1 0 0 0 0 0 0 0 0 0 27 0 1 0 0 0 0 0 0 0 0 0 2 0 0 0 1 2 0 0 0 0 2 0 0 1 1 0 0 0 0 4 258677 2 55 0 0 0 0 0 15 1 2 0 0 1 0
386 TGG 0 0 0 0 0 0 1 0 0 2 1 0 1 0 0 0 5 0 0 0 0 0 0 0 0 1 19 0 0 0 0 0 0 0 0 0 0 0 0 0 0 0 3 2 0 0 1 0 0 0 14 25 0 0 0 0 6 0 248010 5 0 0 10 0
387 GCC 0 0 0 0 15 129 0 0 0 0 0 0 0 0 0 0 0 0 0 0 0 2 1 0 0 0 0 0 0 0 0 0 0 3 0 3 3 244264 1 7 2 8 2 0 0 30 0 9 0 0 0 13 0 0 0 0 0 0 0 0 0 0 0 0
388 ATA 0 0 18 0 20 0 0 0 14 0 0 0 258666 0 116 2 0 0 0 0 0 0 0 2 0 0 0 1 1 0 1 0 0 0 0 0 0 0 0 0 0 0 0 0 18 0 2 0 0 0 0 0 0 0 0 0 0 0 0 0 2 0 0 1
389 AGA 22 0 0 0 0 0 0 0 245828 0 34 0 2 0 0 0 0 0 0 0 0 0 0 0 4 0 0 0 0 0 0 0 0 0 0 0 0 0 0 0 19 0 0 0 0 0 1 0 0 0 0 0 0 0 0 0 4 0 0 0 0 1 3 0
390 ACC 0 8 0 0 8 238322 2 6 0 0 0 0 1 5 0 0 0 0 0 0 0 0 0 0 0 0 0 0 0 0 0 0 0 0 0 0 0 11 0 0 0 0 0 0 0 3 0 0 1 24 0 0 0 0 0 0 0 0 0 0 0 0 1 0
391 AGA 19 0 1 0 0 0 0 0 243011 0 18 1 6 0 0 1 0 0 0 0 0 0 0 0 6 12 77 0 0 6 0 0 0 0 0 0 0 0 1 0 30 0 1 0 0 0 0 0 0 0 0 0 0 0 0 0 5 0 0 0 0 0 1 0
392 AGT 0 0 0 14 0 0 0 0 3 4 7 260422 0 0 0 4 0 1 0 0 0 0 0 8 4 1 0 4 0 0 0 4 0 0 0 0 1 0 0 4 0 3 0 9 0 1 0 0 0 8 0 1 0 0 2 30 0 62 0 3 0 3 0 0
393 GGA 0 0 0 1 0 0 0 0 17 0 0 0 0 0 0 0 0 0 0 0 0 0 0 0 0 0 1 0 0 0 0 0 9 0 0 0 0 0 0 0 265665 4 102 5 0 0 0 0 0 0 2 0 0 0 0 0 2 0 0 0 0 0 0 0
394 GGA 0 0 0 0 0 1 0 0 16 0 0 0 0 0 0 0 0 0 0 0 0 0 0 0 0 0 0 0 0 0 0 0 15 0 0 0 0 0 0 0 265618 2 40 0 1 0 0 0 0 0 0 0 0 0 0 0 8 0 0 0 0 0 0 0
395 AAC 11 265444 3 15 0 6 0 1 7 42 1 0 0 5 0 0 0 79 0 2 0 1 0 0 7 0 1 33 0 0 0 0 0 11 4 0 1 1 1 0 0 1 4 0 0 0 0 2 2 0 2 3 0 3 1 1 0 0 0 4 0 30 0 0
396 ACT 2 5 15 4 2 61 33 265219 0 9 17 2 0 4 0 40 6 26 6 0 1 0 2 5 15 3 7 22 0 3 31 0 2 0 0 0 123 0 10 29 0 0 0 1 13 0 4 0 0 1 0 4 1 0 0 8 0 21 14 0 1 0 0 10
397 AAT 3 27 1 265546 0 2 0 4 19 1 15 14 0 0 0 39 0 1 11 1 0 0 0 1 0 49 36 0 0 0 8 1 0 0 0 21 0 0 7 12 0 3 7 0 0 0 0 1 16 0 0 0 0 0 1 0 3 0 3 4 4 0 1 0
398 CAA 24 0 8 2 0 2 0 2 7 7 269 4 0 11 0 1 265115 27 12 6 2 0 2 1 64 10 3 0 0 0 0 0 1 0 0 1 0 0 0 2 0 0 3 3 26 2 0 0 19 1 0 1 1 5 3 0 0 0 6 5 0 0 2 1
399 CAG 18 3 312 0 0 19 0 2 0 6 7 0 0 0 3 13 32 2 264005 11 9 38 13 0 92 0 886 20 2 0 1 4 0 0 0 0 2 0 6 6 1 1 49 211 2 1 5 0 0 9 16 2 3 0 0 1 0 1 0 33 1 0 0 1
400 AGG 2 0 28 0 0 0 1 0 10 0 265365 5 0 0 21 0 1 0 0 0 0 2 0 0 0 9 5 0 0 0 0 0 0 0 0 0 0 0 0 0 0 0 71 0 0 0 0 0 0 0 0 0 0 0 0 1 0 0 11 0 0 0 0 0
401 GCC 0 0 15 0 0 45 0 0 0 0 17 2 0 0 0 0 0 20 7 24 0 3 3 0 77 3 0 8 0 0 0 0 5 9 0 0 16 265457 4 18 11 5 32 3 0 24 0 0 0 0 0 0 12 2 0 0 0 0 0 1 3 0 1 0
402 TCT 0 1 24 0 0 0 0 3 0 0 3 1 0 0 8 0 0 0 0 6 12 2 1 46 0 0 2 16 1 0 0 0 0 1 0 1 2 0 1 1 0 0 1 2 0 0 0 1 0 0 0 4 8 59 7 265635 0 7 0 0 0 0 0 6
403 GCA 14 0 0 0 74 0 2 6 0 1 2 1 0 0 4 0 12 4 0 1 0 0 0 0 0 1 0 0 2 1 1 0 3 0 0 0 265359 3 111 1 0 13 0 8 110 0 0 0 0 0 0 0 2 0 6 0 0 0 0 0 77 0 0 0
404 GGT 0 0 0 0 0 4 0 0 0 0 0 11 0 0 0 0 0 1 0 1 0 0 0 0 0 0 0 0 0 0 0 0 0 0 0 20 0 1 2 1 74 235 102 265340 0 0 0 6 0 0 16 0 2 0 3 0 0 1 1 5 0 0 0 0
405 CAA 3 0 0 0 0 0 0 0 0 0 0 0 0 0 3 0 265751 0 21 3 1 1 0 0 20 0 0 0 1 0 0 0 0 0 0 0 2 4 0 0 0 0 0 0 0 0 3 0 9 0 0 0 0 0 0 0 0 0 0 0 0 0 0 0
406 ATC 0 11 0 0 0 344 15 0 0 0 0 1 6 265433 2 20 0 0 0 0 0 4 1 0 0 0 0 0 0 3 0 0 0 0 0 0 0 0 0 0 0 0 0 0 1 43 0 0 0 0 0 0 1 0 12 0 0 0 0 0 0 1 2 0
407 AGT 0 0 0 21 0 0 0 0 2 16 1 265726 0 0 0 4 0 0 0 0 0 0 0 0 5 0 0 3 0 0 0 0 0 0 0 0 0 0 0 0 0 2 0 39 0 0 0 0 0 0 0 0 0 0 6 0 0 0 0 9 0 0 0 0
408 GTG 0 0 0 0 3 0 0 0 0 0 0 0 0 0 16 2 0 0 0 0 0 0 0 0 0 0 0 0 0 1 0 0 0 0 2 0 0 1 16 0 0 0 0 0 169 1 265625 7 0 0 0 0 0 0 0 0 0 0 0 0 0 0 2 0
409 CAA 2 0 0 0 0 0 0 133 0 3702 0 46 4 0 0 24 261595 1 15 1 1 0 2 0 11 0 1 0 3 17 1 3 1 1 0 0 1 0 1 42 7 1 3 0 0 0 32 0 103 9 0 0 0 0 25 3 0 1 4 25 2 0 0 0
410 CCT 0 0 0 0 0 0 0 9 0 0 0 0 0 0 0 0 0 0 0 20 15 190 67 265510 0 0 0 0 0 0 0 3 1 0 0 0 5 0 15 0 1 0 0 0 0 0 0 0 0 0 0 0 0 0 0 43 0 0 0 0 0 0 0 0
411 GCA 0 0 0 0 264 29 0 0 1 16 2 0 0 0 0 0 0 0 0 0 0 0 0 0 0 0 0 2 0 1 0 0 2 0 0 0 265339 7 86 3 1 0 0 0 33 0 1 0 0 0 0 0 10 0 0 0 0 4 0 71 0 0 0 0
412 TTT 0 0 0 0 0 0 2 0 0 0 0 0 0 0 0 8 0 0 0 0 0 0 0 0 0 0 13 0 0 0 5 12 0 0 0 0 0 0 0 0 0 0 0 0 0 0 17 1 0 0 0 2 0 0 0 7 0 0 0 2 3 11 13 265444
413 TCT 0 4 0 0 0 0 0 4 0 2 0 0 0 0 0 0 0 0 0 0 2 0 2 19 0 0 0 2 0 0 0 0 2 8 0 0 0 0 1 0 3 0 3 0 1 0 0 0 0 0 0 5 130 79 9 265579 0 0 0 0 0 0 0 16
414 GTG 0 0 42 0 0 0 1 0 0 0 0 1 1 0 91 0 0 2 0 0 0 0 0 0 0 0 123 1 0 3 11 0 0 0 1 1 0 0 24 2 0 1 1 0 123 1 265294 3 0 0 0 1 0 0 1 0 0 2 2 20 0 0 1 4
415 CAA 7 0 27 0 0 10 0 335 0 33 12 3 0 0 0 0 264919 1 63 3 2 0 1 1 68 35 71 9 10 0 28 4 0 0 0 0 0 4 13 15 3 0 88 14 0 0 0 4 32 1 0 0 0 0 19 3 0 0 6 28 0 36 0 1
416 AGA 11 0 0 0 0 0 0 0 265777 1 40 0 2 2 0 0 0 0 0 2 0 0 0 0 3 0 4 4 0 0 0 0 0 1 0 0 0 1 0 0 46 0 0 0 0 0 0 0 0 0 0 0 0 0 0 0 3 0 0 0 0 0 0 0
417 AAC 98 264533 4 23 0 23 2 0 0 54 24 18 0 0 3 0 1 4 0 0 0 179 1 0 9 0 71 0 0 10 1 14 0 19 0 8 0 5 3 0 0 1 0 61 0 0 1 12 0 3 0 0 0 0 25 0 0 0 0 0 0 1 0 0
418 CTC 0 0 0 0 0 0 0 0 0 2 0 1 0 7 1 7 1 0 0 0 0 40 0 0 0 2 0 0 4 255138 15 19 0 0 0 0 0 0 0 1 0 0 0 0 16 0 26 0 2 0 0 0 0 0 0 0 0 0 0 0 6 17 0 0
419 CCA 0 0 1 0 3 0 0 0 0 0 0 1 2 0 0 0 3 0 0 0 255178 2 9 2 1 2 0 0 9 0 1 0 2 0 2 0 1 0 4 0 0 0 0 0 84 0 17 7 0 0 0 1 11 0 0 0 0 6 0 0 0 0 0 0
420 TTT 0 0 0 10 1 0 0 0 0 0 0 7 0 0 0 0 0 0 0 0 0 0 0 0 0 0 0 1 0 0 6 7 0 0 0 0 0 0 7 2 1 0 0 1 0 72 64 3 0 0 0 248 0 37 0 18 0 0 0 6 2 90 33 254833
421 GAC 3 14 0 0 0 0 0 0 0 0 1 28 30 33 3 7 0 0 0 0 0 0 0 0 0 0 0 0 0 4 0 0 5 254187 1 451 0 3 17 0 0 30 13 0 11 59 8 14 0 3 0 0 0 5 3 369 0 1 0 18 2 3 1 0
422 AAA 255182 21 12 1 34 0 2 1 12 35 0 6 11 0 0 3 1 0 1 0 0 0 0 0 0 0 45 2 0 2 0 0 19 0 1 0 0 0 4 4 1 3 31 5 0 0 1 0 1 5 0 0 0 0 1 0 0 0 0 0 0 0 0 0
423 CCA 0 7 5 2 6 4 3 4 30 187 89 0 0 1 0 0 9 1 35 4 253070 1 140 25 107 15 615 44 8 5 0 9 0 1 3 0 5 30 4 0 1 468 268 32 0 0 3 7 0 0 0 0 56 24 1 0 1 0 0 1 0 0 0 1
424 ACC 0 7 0 72 10 254839 4 6 1 4 0 11 0 34 0 2 0 6 1 5 1 0 0 0 0 1 1 3 0 0 6 2 0 38 106 3 0 31 57 23 0 1 0 1 2 8 1 24 0 0 0 0 1 1 6 25 0 0 1 5 2 0 1 14
425 ATC 0 1 0 0 0 25 0 0 0 1 0 0 6 254979 1 15 0 0 0 0 0 0 0 0 1 0 0 0 6 1 0 0 0 0 1 1 0 17 2 10 0 0 1 7 0 131 15 161 0 0 0 0 0 0 0 0 0 44 0 1 0 0 0 0
426 ATG 0 0 3 3 0 1 24 0 1 0 3 1 14 1 255077 4 0 0 11 0 0 0 0 0 0 0 0 0 3 2 1 0 0 0 0 0 0 0 0 0 1 0 0 38 0 0 28 0 0 0 0 0 0 0 0 0 0 0 3 12 0 0 8 0
427 GCA 0 0 2 0 49 0 0 30 5 16 0 0 0 1 257 2 0 8 0 2 10 0 1 0 2 1 13 7 3 9 3 0 11 0 0 0 254510 12 59 2 1 0 73 2 51 41 2 0 0 0 0 7 1 0 25 87 0 3 1 0 0 0 0 0
428 GCA 0 0 2 0 292 0 66 3 0 5 1 0 0 0 4 0 0 5 1 0 2 0 0 0 1 0 1 2 0 0 0 0 7 0 3 0 254602 31 13 5 1 2 6 3 39 0 2 1 0 0 0 0 2 22 0 0 1 1 0 66 0 14 0 0
429 TTC 0 0 1 0 3 0 0 0 0 0 8 0 0 0 0 2 6 0 0 4 0 0 0 1 13 0 3 0 0 10 0 0 0 0 2 0 0 0 0 0 0 0 13 1 0 1 0 0 1 14 0 3 1 25 1 4 0 1 2 2 6 255246 16 20
430 ACT 6 0 0 11 21 50 31 254732 0 1 9 18 0 1 0 14 4 0 0 18 3 4 0 2 5 0 0 0 4 0 2 0 0 0 4 0 3 2 0 13 2 87 30 83 0 0 0 2 0 0 0 0 0 81 30 24 0 0 0 0 0 0 3 5
431 GGG 0 0 1 13 0 4 0 0 1 4 23 0 0 1 0 0 3 0 0 0 0 0 3 1 0 0 0 0 0 1 0 0 1 0 11 1 0 0 17 2 42 83 254417 39 0 1 5 2 0 422 0 5 1 0 0 0 0 2 2 31 11 1 17 47
432 AAT 17 31 0 254554 3 9 13 1 3 16 6 26 0 2 0 7 0 0 174 1 41 0 0 1 9 0 0 0 6 0 0 0 0 0 0 34 9 1 0 3 0 8 3 152 7 4 4 15 0 0 0 13 0 0 13 64 2 40 2 1 21 6 3 0
433 ACA 7 0 0 10 254637 8 114 13 0 1 11 0 94 0 3 5 0 15 21 1 2 1 0 0 0 1 13 0 62 0 23 61 0 14 2 0 43 4 0 0 33 8 0 3 0 0 7 35 0 3 0 1 3 18 2 0 0 0 0 25 42 0 1 10
434 GAG 0 0 21 1 0 0 0 7 0 0 0 0 0 0 0 0 13 0 0 0 0 1 22 0 0 0 5 0 0 0 2 0 40 2 255193 9 1 0 5 2 1 0 50 1 8 15 5 3 0 0 7 0 0 0 2 6 0 0 0 0 0 0 0 0
435 GGA 0 0 0 0 0 1 0 0 13 0 1 1 0 0 0 0 0 0 0 0 0 0 0 0 1 0 1 0 0 0 39 0 23 0 0 0 0 0 0 0 254983 17 292 3 3 0 0 0 0 0 0 0 0 0 0 0 1 1 0 0 0 0 0 0
436 AGA 28 0 0 0 0 0 0 0 255289 0 58 2 4 0 0 6 1 0 0 0 0 0 0 0 33 6 2 0 1 0 0 2 0 0 0 0 0 0 0 0 16 0 0 2 0 0 0 0 0 0 0 0 0 0 0 0 5 0 0 0 0 0 0 0
437 ACA 5 13 0 0 255176 4 8 1 1 0 0 2 5 0 0 1 0 0 0 0 1 0 0 0 0 0 0 1 0 0 0 1 0 0 0 0 12 0 74 1 0 0 0 0 0 0 17 0 0 0 0 0 1 14 6 1 0 28 0 0 0 0 0 0
438 TCA 0 0 0 217 6 0 0 0 0 7 1 0 0 0 4 0 0 0 0 0 14 0 0 0 0 1 2 0 0 0 0 0 0 2 0 0 0 0 0 0 0 7 159 9 0 1 1 1 4 0 1 1 254786 9 113 5 0 0 6 0 5 0 0 0
439 GAC 0 15 0 0 0 0 0 0 0 0 0 0 0 0 0 0 0 0 0 0 0 0 0 0 0 0 0 0 0 0 0 0 5 255316 0 9 0 0 2 0 1 17 4 1 0 2 0 0 1 4 0 0 0 0 0 0 0 0 0 0 0 0 0 0
440 ATG 2 0 1 0 0 0 12 4 0 2 5 1 11 0 255329 5 0 0 0 2 0 0 2 0 0 0 0 0 0 0 2 0 0 0 1 2 0 9 0 1 0 0 0 1 4 0 19 0 4 0 0 5 0 0 6 0 0 0 1 0 0 0 0 0
441 AGG 0 0 18 0 0 0 0 0 27 0 255206 16 0 0 20 0 0 0 0 0 0 0 0 0 0 15 6 0 0 0 0 0 0 0 0 0 1 2 0 0 0 0 45 0 0 1 0 0 0 0 0 2 0 0 0 0 0 0 5 0 0 0 1 0
442 GCA 2 0 0 3 274 0 35 0 0 0 0 1 16 7 2 22 0 0 0 0 3 0 0 0 1 0 0 2 21 1 0 2 44 0 0 0 254229 0 189 31 3 10 0 4 44 102 269 0 2 3 0 3 59 1 10 0 0 0 0 0 0 0 0 0
443 GAA 18 0 0 0 0 0 9 0 0 0 0 0 0 0 0 3 0 0 0 0 0 0 0 0 0 0 2 0 0 0 0 0 255357 3 12 1 0 0 1 0 13 0 3 0 0 3 0 0 1 0 0 0 0 12 0 0 0 0 0 0 0 0 0 0
444 ATT 0 0 0 2 0 2 0 11 0 1 0 3 31 33 0 255345 0 0 0 12 0 0 0 0 0 0 0 0 0 0 0 2 0 0 0 0 0 0 0 0 0 2 0 0 1 1 3 7 0 0 0 0 0 0 0 0 0 1 0 4 0 0 0 2
445 ATA 0 0 1 0 13 0 0 0 1 0 1 0 255298 1 44 1 1 0 0 0 5 0 0 0 1 4 0 0 1 1 0 2 31 0 0 3 0 9 1 0 0 1 2 1 16 1 0 4 0 0 0 0 0 0 0 0 3 0 0 1 1 0 0 0
446 AGG 0 0 23 0 1 1 14 1 59 2 254889 185 0 0 16 2 0 2 36 0 0 0 4 0 6 1 28 10 0 0 0 0 4 2 23 18 0 0 4 1 0 4 37 1 6 2 1 1 0 0 0 0 0 4 2 0 0 0 6 3 0 0 0 0
447 ATG 0 0 0 0 0 0 8 0 0 0 2 0 20 2 255305 3 0 0 1 1 0 0 0 0 0 0 0 0 1 3 0 0 0 0 0 0 7 0 9 0 0 0 6 0 3 0 20 3 0 0 0 0 0 0 0 0 0 41 0 2 0 0 1 0
448 ATG 0 0 0 0 0 0 15 0 0 0 4 0 45 3 255274 2 2 0 0 0 0 0 0 0 1 0 0 0 0 0 0 0 0 0 2 1 0 0 1 0 0 0 0 0 4 0 37 17 0 0 0 1 0 0 0 0 2 0 0 0 8 0 0 0
449 GAA 19 0 0 0 0 0 2 0 0 0 1 0 1 0 0 0 0 0 3 0 0 0 0 0 0 0 0 0 0 0 0 0 255242 4 74 6 0 0 0 0 45 0 1 0 5 13 0 0 0 0 0 0 0 0 0 0 0 1 0 0 1 1 1 0
450 GGT 68 0 0 0 0 27 5 144 0 2 18 180 4 0 2 0 0 0 0 0 0 0 0 0 62 0 1 3 0 0 8 88 0 0 0 20 0 0 0 0 1 53 59 254433 1 18 54 7 0 0 0 2 0 0 0 1 0 0 0 117 0 3 29 0
451 GCA 0 0 143 3 197 0 0 0 0 0 3 0 0 9 3 25 0 0 6 0 0 0 1 0 0 0 0 6 0 5 0 0 21 0 0 0 254454 14 61 2 13 0 37 1 180 6 47 0 0 0 0 0 11 0 0 0 0 1 41 0 13 0 0 0
452 AAA 255269 46 10 0 0 0 5 0 15 0 0 4 0 0 0 0 0 2 0 0 0 0 0 2 4 0 3 0 27 0 3 0 11 0 0 0 0 0 10 0 0 0 8 3 0 0 7 0 10 0 0 0 0 0 0 0 0 0 0 1 0 0 0 0
453 CCA 0 0 35 0 4 0 0 0 16 0 0 3 0 15 0 0 2 0 1 0 254753 2 48 3 0 1 0 0 55 0 0 0 0 4 0 0 1 0 36 1 116 2 1 6 0 0 3 0 0 0 0 0 5 0 0 2 0 4 0 0 0 0 0 0
454 GAA 23 0 4 0 0 0 0 11 0 0 0 0 2 0 0 0 80 9 0 1 1 2 0 0 0 0 0 0 1 0 0 0 254879 3 12 73 67 0 2 25 21 120 11 1 0 5 12 0 1 0 0 0 16 0 0 0 0 11 0 0 11 2 0 1
455 GAA 19 0 0 3 0 0 1 28 5 6 0 0 1 0 0 0 14 0 0 0 0 0 3 13 2 1 0 2 3 2 0 11 255127 2 34 4 3 0 1 0 7 3 3 0 10 11 24 36 0 1 0 12 3 1 1 0 0 1 0 6 3 0 7 20
456 ATG 0 0 5 0 0 1 7 0 0 0 174 0 4 0 254955 6 0 1 0 0 0 0 0 0 2 0 0 0 0 0 0 3 0 0 1 0 0 0 2 0 8 0 24 1 0 3 20 0 0 2 0 0 5 0 75 0 0 41 27 3 8 0 6 0
457 TCC 1 1 0 0 8 1 0 0 3 1 0 0 1 0 0 0 8 0 0 0 0 47 0 0 0 0 0 1 2 0 2 33 5 0 0 0 1 1 0 13 53 92 0 7 0 0 3 0 0 1 0 0 77 254674 7 268 0 0 0 0 2 5 0 0
458 TTC 0 0 1 0 2 0 0 0 0 0 0 0 0 27 0 0 0 0 0 0 0 0 0 0 0 0 0 0 0 13 0 0 0 0 0 0 0 0 0 0 0 0 0 0 0 2 1 0 0 0 2 1 0 20 0 0 0 5 0 0 3 255236 0 9
459 CAG 0 0 3 0 1 0 0 0 0 0 0 1 0 0 0 0 14 66 254696 13 0 0 8 0 12 0 200 8 0 0 8 0 0 0 3 0 0 0 0 0 3 0 19 2 2 0 0 0 0 0 12 52 0 0 0 0 0 1 0 0 0 8 0 2
460 GGG 435 0 0 0 0 1 5 0 1 0 46 0 1 0 0 0 0 0 0 0 0 0 0 0 3 0 2 0 0 0 0 0 0 0 4 0 0 0 0 0 18 2 227329 2 0 0 0 0 0 0 21 0 0 0 1 0 0 1 29 0 1 0 0 0
461 CGG 0 0 0 0 0 0 0 0 1 0 22 0 0 0 0 0 0 0 51 0 0 0 0 0 11 0 225552 27 0 0 4 0 0 0 1 0 0 0 1 0 0 0 7 0 0 0 0 0 0 0 0 0 0 0 0 0 0 0 24 0 0 0 0 0
462 GGA 0 0 0 0 0 0 0 0 9 2 0 0 0 0 0 0 0 0 0 0 1 0 1 0 0 0 0 0 0 0 0 0 5 0 0 0 21 3 203 7 219782 13 38 1 0 0 0 0 0 0 0 0 0 5 0 0 5 2 0 1 0 0 0 0
463 GTC 0 1 0 0 0 0 0 0 0 0 0 0 114 106 0 0 0 0 0 0 0 0 0 0 0 0 0 0 0 0 0 0 0 0 1 0 1 12 0 0 1 1 0 0 9 202834 20 7 0 0 0 0 0 0 0 0 0 1 1 0 0 1 5 0
464 TTC 0 0 0 0 0 0 0 0 0 0 0 0 2 4 0 0 0 0 0 0 0 1 0 0 0 0 0 0 0 20 0 0 0 0 0 0 0 0 0 0 0 0 0 0 0 9 0 0 0 2 0 0 0 36 0 0 0 1 0 0 3 231617 1 26
465 GAG 0 0 7 0 0 0 0 0 0 17 0 0 0 0 0 0 0 0 0 0 0 0 0 0 0 0 0 0 0 0 0 0 7 0 229244 0 0 0 1 0 2 0 26 0 0 0 0 0 0 0 1 0 0 0 0 0 0 0 2 0 0 0 0 0
466 CTC 3 0 2 0 3 2 0 0 3 0 0 0 0 7 84 8 2 19 1 19 13 37 2 35 0 3 0 1 15 207842 0 23 0 0 1 1 13 0 6 1 10 0 1 1 1 0 5 2 0 46 0 7 0 1 1 0 1 0 300 0 0 203 77 154
467 TCG 0 0 2 1 0 1 93 0 0 0 0 0 0 0 0 4 0 0 1 0 0 0 20 0 1 124 0 0 0 0 0 0 0 0 3 0 0 0 0 0 0 0 8 0 1 0 1 0 0 1 5 0 26 11 232714 8 0 0 0 0 0 1 31 0
468 GAC 0 9 0 0 0 0 0 0 0 0 0 0 0 0 0 0 0 0 0 0 0 0 0 0 0 0 0 0 0 0 0 0 0 229422 0 26 2 1 0 0 0 26 0 0 0 0 0 0 0 4 0 0 0 0 0 0 0 0 0 0 0 0 0 0
469 GAA 35 0 0 1 0 3 0 0 0 0 0 0 0 0 0 0 0 0 13 0 0 0 0 0 0 0 0 0 1 0 0 0 227834 1 34 3 0 1 0 0 12 0 3 0 1 11 0 0 2 0 1 0 2 0 0 3 0 0 0 0 0 0 0 0
470 AGG 0 0 21 0 0 0 0 0 12 0 227015 2 0 0 22 0 0 0 0 0 0 0 0 0 0 0 9 0 0 0 0 0 0 0 0 0 0 0 0 0 0 0 40 0 0 0 0 0 0 0 0 0 0 0 0 0 0 0 6 0 0 0 0 0
471 GCA 0 0 0 0 29 0 0 0 0 0 0 0 0 0 0 0 0 0 0 0 0 0 0 0 0 0 0 0 0 0 0 0 1 0 0 0 213933 5 73 0 1 0 0 0 88 0 0 0 0 0 0 0 0 0 0 0 0 0 0 0 6 0 0 0
472 GCG 0 0 0 0 1 1 94 0 0 0 0 0 0 0 0 0 0 46 0 0 0 0 0 0 0 0 0 3 0 0 0 0 0 0 0 0 30 0 220024 2 0 0 0 0 0 0 100 2 0 0 0 0 0 0 5 0 0 12 0 0 0 0 0 0
473 AAC 3 233774 0 39 0 1 0 0 0 12 0 0 0 0 0 0 0 2 1 0 0 0 1 0 0 0 1 0 0 0 0 0 0 8 0 0 0 0 0 0 0 0 0 0 0 0 0 0 0 0 0 0 0 0 1 0 0 0 0 0 0 0 0 0
474 CCG 0 0 0 0 0 0 1 0 0 0 0 0 0 0 0 0 0 0 5 0 42 1 254905 2 0 0 0 0 0 0 13 0 0 0 0 0 0 0 1 0 0 0 0 0 0 0 0 0 0 0 0 0 0 0 8 0 0 0 0 0 0 0 0 0
475 ATC 0 0 0 0 0 16 0 0 0 0 0 0 3 255301 0 17 0 0 0 0 0 0 0 0 0 3 0 0 0 6 1 0 0 0 0 0 0 0 0 0 0 1 0 0 0 24 0 0 0 0 0 0 0 0 0 0 0 0 0 0 0 0 0 0
476 GTG 0 0 0 0 0 0 1 0 0 0 0 0 0 0 71 0 0 0 0 0 0 0 0 0 0 1 18 0 0 0 6 0 0 0 0 0 13 0 64 9 0 0 1 0 62 1 255046 0 0 0 0 0 0 0 0 0 0 0 0 0 0 0 0 0
477 CCC 0 0 0 0 0 3 0 0 0 0 0 0 0 0 0 0 0 3 0 0 7 255339 0 13 0 0 0 0 0 3 0 0 0 0 0 0 0 0 0 0 0 0 0 0 0 0 0 0 0 0 0 0 0 25 0 0 0 0 0 0 0 0 0 0
478 TCT 0 0 4 0 0 0 1 4 0 0 0 0 0 0 0 0 2 0 0 0 0 1 0 27 0 0 0 0 0 0 0 1 0 0 0 0 0 0 1 1 0 0 0 0 0 1 0 1 0 0 0 3 1 395 317 254326 0 0 11 23 0 0 34 0
479 TTT 0 0 0 1 0 0 0 0 0 0 0 0 0 0 1 4 0 0 0 0 0 0 0 3 0 0 0 0 0 0 0 19 0 0 0 0 0 0 0 0 13 0 0 2 0 0 0 3 0 102 0 3 0 0 0 12 0 1 0 3 11 46 1 255095
480 GAC 0 15 0 0 0 0 0 0 0 0 0 0 0 0 0 0 1 22 3 0 0 6 0 5 0 1 0 0 2 0 0 0 7 255103 2 46 0 1 0 1 0 36 0 2 0 1 0 0 0 17 0 0 0 0 0 0 0 0 0 0 0 0 1 0
481 ATG 0 0 0 0 0 0 16 0 0 0 1 0 15 0 255282 1 0 0 0 0 0 0 0 0 0 0 1 0 0 0 7 0 0 0 0 0 0 0 0 0 0 0 0 0 0 0 22 0 0 2 0 2 0 0 0 0 0 3 2 0 0 0 4 0
482 AGT 0 0 0 20 0 0 0 0 0 16 1 255330 0 0 0 1 0 0 0 0 0 0 0 0 0 0 0 5 0 0 0 0 0 0 0 0 0 0 0 0 0 0 0 25 0 0 0 0 0 0 0 0 0 0 0 0 0 0 0 3 0 0 0 0
483 AAT 1 16 5 255418 0 0 0 1 0 0 0 3 0 5 0 0 0 0 0 1 0 0 0 0 0 0 0 0 0 0 0 0 0 0 0 8 1 0 0 0 0 0 0 0 0 0 0 0 0 0 0 0 0 0 0 0 0 0 0 0 0 0 0 0
484 GAA 4 2 0 0 0 0 0 0 0 0 0 0 0 0 0 0 0 0 0 0 0 0 0 0 0 0 0 0 0 0 0 0 255196 2 17 4 0 0 0 0 12 0 0 0 0 0 0 1 4 0 0 0 0 0 0 0 0 0 0 0 0 0 0 0
485 GGA 0 0 0 0 0 0 0 0 22 11 0 150 0 0 0 0 1 35 6 0 3 0 0 0 0 1 0 13 0 0 0 0 14 0 3 0 0 0 28 0 254766 3 29 23 0 2 10 117 0 0 0 0 0 0 0 0 9 0 6 64 0 0 1 38
486 TCT 0 0 0 0 0 0 0 0 0 0 0 0 0 0 0 0 0 0 0 0 0 0 0 5 0 0 0 0 0 0 0 0 0 0 0 0 0 0 0 2 0 0 0 0 0 0 0 0 0 0 0 2 2 18 4 255392 0 0 0 0 0 0 0 8
487 TAT 0 0 0 0 0 0 0 0 0 0 0 0 0 0 0 0 0 0 0 48 0 0 0 0 0 0 0 0 0 0 0 0 0 0 0 0 0 0 0 0 0 0 0 0 0 0 0 0 1 6 44 255319 0 0 0 0 0 0 0 16 0 0 0 0
488 TTC 0 0 0 0 0 0 0 0 0 0 0 0 0 5 0 0 0 0 0 0 0 0 0 0 0 0 0 0 0 6 0 0 0 0 0 0 0 0 0 0 0 0 0 0 0 0 0 0 0 1 0 0 0 9 0 0 0 0 0 0 0 255037 0 14
489 TTC 0 0 0 0 0 0 0 0 0 0 0 0 0 5 0 0 0 0 0 0 0 0 0 0 0 0 0 0 0 11 0 0 0 0 0 0 0 0 0 0 0 0 0 0 0 1 0 0 0 1 0 11 0 12 0 0 0 0 0 0 10 254616 0 47
490 GGA 0 0 0 0 0 0 0 0 20 0 0 0 0 0 0 0 0 0 0 0 0 0 0 0 0 0 0 0 0 0 0 0 7 0 0 0 0 0 0 0 255291 0 19 0 0 0 0 0 0 0 0 0 0 0 0 0 7 0 0 0 0 0 0 0
491 GAC 0 13 0 0 0 0 0 0 0 0 0 0 0 41 0 0 0 0 0 0 0 0 0 0 0 1 0 0 0 0 0 0 3 255164 1 19 0 0 2 0 0 65 0 0 1 7 1 0 0 3 0 0 0 9 0 0 0 0 0 0 0 0 0 0
492 AAT 3 10 0 255323 0 0 0 1 0 0 0 20 0 0 0 3 0 0 0 0 0 0 0 0 0 0 0 0 0 0 0 0 0 0 0 30 0 0 0 0 0 0 0 0 0 0 0 0 0 0 0 0 0 0 0 0 0 0 0 0 0 0 1 0
493 GCA 0 0 0 0 112 0 1 0 0 0 0 0 1 0 0 0 0 0 0 0 1 0 0 0 0 0 0 0 0 0 0 0 4 0 0 0 255076 15 33 35 0 0 0 0 70 0 0 1 0 0 0 0 4 0 0 0 0 0 0 0 1 0 0 0
494 GAG 0 1 10 0 0 0 0 0 0 0 0 0 0 0 0 0 0 1 0 0 0 0 0 0 0 0 0 0 0 0 0 0 36 0 255277 7 0 1 1 0 0 0 42 0 3 0 2 0 0 0 8 0 0 0 0 0 0 0 0 0 0 0 0 0
495 GAG 0 9 13 0 0 0 0 0 72 0 2 0 0 0 0 0 0 0 0 0 0 0 0 0 0 0 0 0 0 0 0 0 51 8 255234 2 0 0 2 0 0 0 26 0 0 0 3 1 0 0 0 0 0 0 3 0 0 1 0 0 0 0 0 0
496 TAC 0 0 0 0 0 0 0 0 0 0 0 3 0 0 0 0 0 14 0 0 0 0 0 0 0 0 0 0 0 0 0 0 0 4 0 1 0 0 0 0 0 1 0 0 0 0 6 0 2 255160 0 33 0 3 0 0 2 48 24 0 0 6 0 0
497 GAC 0 42 1 9 0 1 0 0 0 28 17 1 0 2 16 0 0 0 0 1 0 0 0 0 0 0 0 0 0 0 0 0 11 254180 120 24 1 3 24 0 0 119 8 0 0 7 2 79 52 32 12 6 0 17 2 2 2 0 4 69 5 15 3 0
498 AAT 179 35 222 250649 47 31 9 20 581 79 284 80 29 32 32 26 3 388 6 10 0 0 1 1 59 56 344 13 4 12 2 1 4 0 0 13 59 6 17 41 1558 80 0 150 6 7 1 0 2 0 13 4 3 0 12 3 31 53 3 17 5 1 37 0
499 TAA 2 0 0 0 0 0 0 0 0 0 0 0 0 0 0 0 33 0 0 0 0 0 0 0 0 0 0 0 0 0 0 0 0 0 0 0 0 0 0 0 0 0 0 0 0 0 0 0 255310 3 5 22 0 0 0 0 21 0 0 0 28 0 0 0
